1, 1, 532.54, 365.09, 161.14, 295.89, 1, -1, -1, -1
2, 1, 534.37, 356.68, 156.70, 310.57, 1, -1, -1, -1
3, 1, 536.34, 356.16, 152.45, 310.61, 1, -1, -1, -1
4, 1, 536.35, 350.84, 152.25, 321.10, 1, -1, -1, -1
5, 1, 536.74, 344.12, 151.74, 317.67, 1, -1, -1, -1
6, 1, 543.40, 340.81, 151.46, 324.77, 1, -1, -1, -1
7, 1, 543.09, 336.40, 152.25, 317.14, 1, -1, -1, -1
8, 1, 543.22, 331.20, 152.13, 311.76, 1, -1, -1, -1
9, 1, 543.24, 327.10, 152.00, 320.28, 1, -1, -1, -1
10, 1, 542.08, 320.88, 154.12, 316.96, 1, -1, -1, -1
11, 1, 542.45, 313.42, 153.55, 315.47, 1, -1, -1, -1
12, 1, 542.31, 308.89, 154.12, 308.45, 1, -1, -1, -1
13, 1, 541.28, 303.77, 155.94, 303.29, 1, -1, -1, -1
14, 1, 541.24, 300.24, 156.45, 309.60, 1, -1, -1, -1
15, 1, 542.46, 296.25, 155.31, 301.24, 1, -1, -1, -1
16, 1, 541.67, 290.57, 156.30, 297.24, 1, -1, -1, -1
17, 1, 540.64, 286.88, 157.91, 304.17, 1, -1, -1, -1
18, 1, 540.97, 282.59, 157.50, 296.73, 1, -1, -1, -1
19, 1, 541.22, 279.56, 157.66, 302.56, 1, -1, -1, -1
20, 1, 540.51, 274.38, 158.41, 297.24, 1, -1, -1, -1
21, 1, 541.50, 269.41, 156.77, 306.64, 1, -1, -1, -1
22, 1, 541.86, 263.27, 156.11, 303.11, 1, -1, -1, -1
23, 1, 542.03, 257.39, 155.85, 299.32, 1, -1, -1, -1
24, 1, 542.27, 253.35, 155.78, 307.64, 1, -1, -1, -1
25, 1, 545.44, 250.46, 150.52, 313.27, 1, -1, -1, -1
26, 1, 546.07, 243.92, 149.91, 310.39, 1, -1, -1, -1
27, 1, 546.70, 240.11, 148.90, 318.23, 1, -1, -1, -1
28, 1, 554.65, 234.04, 145.30, 314.09, 1, -1, -1, -1
29, 1, 556.91, 227.88, 142.15, 309.54, 1, -1, -1, -1
30, 1, 558.96, 222.62, 138.99, 303.87, 1, -1, -1, -1
31, 1, 561.03, 218.18, 135.87, 297.14, 1, -1, -1, -1
32, 1, 562.24, 216.73, 132.78, 300.83, 1, -1, -1, -1
33, 1, 562.38, 210.44, 132.36, 297.04, 1, -1, -1, -1
34, 1, 568.49, 204.60, 132.41, 292.88, 1, -1, -1, -1
35, 1, 567.94, 198.41, 133.78, 290.35, 1, -1, -1, -1
36, 1, 568.12, 194.17, 135.11, 298.15, 1, -1, -1, -1
37, 1, 568.34, 187.94, 136.01, 294.26, 1, -1, -1, -1
38, 1, 567.93, 184.39, 137.11, 300.94, 1, -1, -1, -1
39, 1, 567.00, 179.21, 139.22, 295.35, 1, -1, -1, -1
40, 1, 564.87, 174.98, 142.59, 303.55, 1, -1, -1, -1
41, 1, 567.49, 174.11, 138.35, 305.97, 1, -1, -1, -1
42, 1, 566.67, 168.02, 140.21, 301.65, 1, -1, -1, -1
43, 1, 566.62, 166.04, 140.00, 305.46, 1, -1, -1, -1
44, 1, 566.33, 164.36, 140.05, 309.77, 1, -1, -1, -1
45, 1, 566.88, 161.34, 138.90, 316.07, 1, -1, -1, -1
46, 1, 567.12, 154.49, 138.31, 313.72, 1, -1, -1, -1
47, 1, 567.21, 151.29, 138.35, 319.45, 1, -1, -1, -1
48, 1, 569.05, 144.19, 135.01, 301.65, 1, -1, -1, -1
49, 1, 569.15, 141.65, 134.53, 306.22, 1, -1, -1, -1
50, 1, 568.27, 136.87, 136.66, 299.73, 1, -1, -1, -1
51, 1, 569.47, 132.36, 134.61, 293.75, 1, -1, -1, -1
52, 1, 568.16, 129.57, 136.47, 299.58, 1, -1, -1, -1
53, 1, 568.63, 126.84, 135.90, 304.46, 1, -1, -1, -1
54, 1, 567.75, 122.26, 138.77, 297.19, 1, -1, -1, -1
55, 1, 571.86, 120.84, 141.59, 299.80, 1, -1, -1, -1
56, 1, 573.41, 120.12, 140.11, 301.31, 1, -1, -1, -1
57, 1, 573.56, 115.98, 140.85, 293.68, 1, -1, -1, -1
58, 1, 574.39, 114.78, 139.05, 296.01, 1, -1, -1, -1
59, 1, 573.69, 113.93, 140.66, 297.39, 1, -1, -1, -1
60, 1, 574.29, 113.36, 140.66, 298.98, 1, -1, -1, -1
61, 1, 581.24, 113.18, 138.23, 298.64, 1, -1, -1, -1
62, 1, 582.90, 108.35, 136.65, 292.75, 1, -1, -1, -1
63, 1, 584.71, 108.36, 135.77, 292.83, 1, -1, -1, -1
64, 1, 586.59, 107.98, 132.04, 293.35, 1, -1, -1, -1
65, 1, 594.20, 106.51, 128.05, 281.64, 1, -1, -1, -1
66, 1, 596.19, 104.54, 127.55, 283.84, 1, -1, -1, -1
67, 1, 598.10, 104.19, 125.95, 270.47, 1, -1, -1, -1
68, 1, 597.93, 102.63, 126.23, 273.53, 1, -1, -1, -1
69, 1, 603.28, 102.14, 126.58, 273.31, 1, -1, -1, -1
70, 1, 603.32, 100.04, 128.12, 276.93, 1, -1, -1, -1
71, 1, 604.91, 99.28, 127.12, 278.58, 1, -1, -1, -1
72, 1, 605.80, 97.47, 126.96, 268.10, 1, -1, -1, -1
73, 1, 606.15, 97.27, 125.98, 267.86, 1, -1, -1, -1
74, 1, 607.01, 98.43, 124.25, 265.95, 1, -1, -1, -1
75, 1, 611.05, 95.13, 128.18, 272.15, 1, -1, -1, -1
76, 1, 610.82, 92.42, 129.37, 277.16, 1, -1, -1, -1
77, 1, 610.75, 90.36, 130.10, 281.47, 1, -1, -1, -1
78, 1, 612.43, 88.21, 126.74, 285.49, 1, -1, -1, -1
79, 1, 611.80, 84.08, 127.90, 278.17, 1, -1, -1, -1
80, 1, 612.20, 81.60, 126.41, 283.40, 1, -1, -1, -1
81, 1, 611.67, 77.01, 127.36, 276.17, 1, -1, -1, -1
82, 1, 611.06, 73.47, 127.85, 282.32, 1, -1, -1, -1
83, 1, 611.92, 70.75, 126.18, 272.24, 1, -1, -1, -1
84, 1, 612.73, 67.11, 125.82, 264.75, 1, -1, -1, -1
85, 1, 612.51, 63.71, 125.24, 270.25, 1, -1, -1, -1
86, 1, 613.71, 61.66, 123.12, 259.08, 1, -1, -1, -1
87, 1, 612.87, 57.98, 124.04, 265.00, 1, -1, -1, -1
88, 1, 612.82, 56.61, 123.43, 267.99, 1, -1, -1, -1
89, 1, 614.02, 52.22, 121.59, 261.57, 1, -1, -1, -1
90, 1, 612.05, 50.24, 124.71, 264.51, 1, -1, -1, -1
91, 1, 612.85, 50.83, 121.79, 263.94, 1, -1, -1, -1
92, 1, 612.39, 48.51, 122.30, 268.04, 1, -1, -1, -1
93, 1, 609.72, 46.60, 119.27, 271.50, 1, -1, -1, -1
94, 1, 609.44, 45.54, 119.25, 272.47, 1, -1, -1, -1
95, 1, 609.28, 44.24, 119.13, 262.17, 1, -1, -1, -1
96, 1, 611.06, 41.54, 115.99, 267.56, 1, -1, -1, -1
97, 1, 612.13, 40.50, 114.53, 269.56, 1, -1, -1, -1
98, 1, 613.49, 38.84, 111.81, 271.50, 1, -1, -1, -1
99, 1, 614.86, 35.73, 109.54, 265.29, 1, -1, -1, -1
100, 1, 619.44, 33.63, 109.22, 268.05, 1, -1, -1, -1
101, 1, 619.43, 30.87, 111.13, 271.58, 1, -1, -1, -1
102, 1, 620.03, 30.81, 110.52, 271.15, 1, -1, -1, -1
103, 1, 619.84, 28.95, 110.85, 260.75, 1, -1, -1, -1
104, 1, 619.45, 27.36, 112.22, 263.06, 1, -1, -1, -1
105, 1, 618.23, 26.05, 114.15, 265.85, 1, -1, -1, -1
106, 1, 615.76, 25.12, 118.49, 267.66, 1, -1, -1, -1
107, 1, 615.23, 25.09, 118.79, 268.01, 1, -1, -1, -1
108, 1, 615.27, 24.42, 119.23, 268.82, 1, -1, -1, -1
109, 1, 616.01, 24.07, 118.14, 269.84, 1, -1, -1, -1
110, 1, 613.67, 23.44, 122.15, 272.11, 1, -1, -1, -1
111, 1, 612.60, 23.52, 123.91, 272.29, 1, -1, -1, -1
112, 1, 611.47, 26.63, 125.46, 282.03, 1, -1, -1, -1
113, 1, 610.36, 27.65, 126.75, 279.53, 1, -1, -1, -1
114, 1, 603.92, 26.24, 129.46, 282.22, 1, -1, -1, -1
115, 1, 603.23, 27.08, 128.87, 279.64, 1, -1, -1, -1
116, 1, 601.96, 28.01, 129.85, 277.46, 1, -1, -1, -1
117, 1, 602.34, 30.30, 127.78, 272.72, 1, -1, -1, -1
118, 1, 602.31, 30.28, 128.31, 272.76, 1, -1, -1, -1
119, 1, 602.91, 31.26, 126.95, 270.93, 1, -1, -1, -1
120, 1, 603.17, 33.70, 126.17, 266.95, 1, -1, -1, -1
121, 1, 603.33, 36.39, 125.18, 262.37, 1, -1, -1, -1
122, 1, 604.16, 37.42, 123.71, 260.60, 1, -1, -1, -1
123, 1, 603.49, 41.03, 124.71, 268.26, 1, -1, -1, -1
124, 1, 604.25, 43.37, 123.16, 264.12, 1, -1, -1, -1
125, 1, 599.42, 44.31, 123.17, 264.25, 1, -1, -1, -1
126, 1, 601.95, 47.85, 118.18, 270.71, 1, -1, -1, -1
127, 1, 600.63, 48.73, 120.32, 270.41, 1, -1, -1, -1
128, 1, 602.00, 53.85, 117.61, 275.05, 1, -1, -1, -1
129, 1, 603.90, 56.74, 113.88, 269.56, 1, -1, -1, -1
130, 1, 605.47, 58.96, 111.45, 265.27, 1, -1, -1, -1
131, 1, 606.01, 61.15, 110.22, 261.87, 1, -1, -1, -1
132, 1, 607.80, 66.35, 107.66, 266.00, 1, -1, -1, -1
133, 1, 607.59, 67.71, 108.12, 263.47, 1, -1, -1, -1
134, 1, 607.07, 69.75, 108.85, 259.93, 1, -1, -1, -1
135, 1, 607.53, 72.10, 108.16, 256.47, 1, -1, -1, -1
136, 1, 610.69, 74.67, 112.76, 264.61, 1, -1, -1, -1
137, 1, 610.83, 76.61, 112.80, 261.75, 1, -1, -1, -1
138, 1, 611.13, 78.58, 112.44, 258.84, 1, -1, -1, -1
139, 1, 612.77, 83.30, 110.50, 264.58, 1, -1, -1, -1
140, 1, 611.76, 85.85, 111.73, 260.09, 1, -1, -1, -1
141, 1, 611.74, 91.81, 111.70, 263.38, 1, -1, -1, -1
142, 1, 611.26, 94.00, 112.98, 259.94, 1, -1, -1, -1
143, 1, 611.13, 98.31, 113.21, 266.60, 1, -1, -1, -1
144, 1, 609.97, 102.87, 115.40, 259.25, 1, -1, -1, -1
145, 1, 609.28, 107.07, 116.42, 264.94, 1, -1, -1, -1
146, 1, 608.35, 110.71, 117.45, 258.82, 1, -1, -1, -1
147, 1, 608.50, 115.07, 117.31, 264.98, 1, -1, -1, -1
148, 1, 608.76, 119.85, 117.30, 255.96, 1, -1, -1, -1
149, 1, 609.34, 125.83, 116.57, 258.82, 1, -1, -1, -1
150, 1, 609.16, 128.47, 118.66, 255.75, 1, -1, -1, -1
151, 1, 609.43, 134.29, 120.21, 259.70, 1, -1, -1, -1
152, 1, 613.48, 142.26, 121.36, 258.20, 1, -1, -1, -1
153, 1, 615.54, 145.90, 122.81, 254.07, 1, -1, -1, -1
154, 1, 618.70, 154.11, 128.57, 253.02, 1, -1, -1, -1
155, 1, 618.08, 160.93, 133.94, 254.82, 1, -1, -1, -1
156, 1, 622.49, 168.28, 137.02, 255.09, 1, -1, -1, -1
157, 1, 623.62, 175.19, 137.01, 257.69, 1, -1, -1, -1
158, 1, 625.00, 183.98, 132.48, 255.43, 1, -1, -1, -1
159, 1, 626.08, 192.02, 128.67, 256.72, 1, -1, -1, -1
160, 1, 628.93, 198.56, 126.11, 261.16, 1, -1, -1, -1
161, 1, 636.31, 206.27, 126.22, 261.69, 1, -1, -1, -1
162, 1, 641.81, 212.93, 130.66, 264.21, 1, -1, -1, -1
163, 1, 646.24, 220.60, 138.94, 265.24, 1, -1, -1, -1
164, 1, 653.63, 229.21, 140.45, 263.50, 1, -1, -1, -1
165, 1, 661.21, 237.20, 139.56, 260.02, 1, -1, -1, -1
166, 1, 663.22, 243.83, 138.13, 250.59, 1, -1, -1, -1
167, 1, 672.32, 254.37, 133.91, 245.29, 1, -1, -1, -1
168, 1, 675.43, 261.61, 130.29, 247.68, 1, -1, -1, -1
169, 1, 686.09, 271.30, 121.41, 244.41, 1, -1, -1, -1
170, 1, 688.62, 275.03, 120.36, 252.28, 1, -1, -1, -1
171, 1, 697.60, 283.23, 114.99, 252.09, 1, -1, -1, -1
172, 1, 705.46, 289.61, 114.07, 254.96, 1, -1, -1, -1
173, 1, 707.41, 295.48, 115.71, 259.65, 1, -1, -1, -1
174, 1, 714.69, 303.48, 114.98, 260.34, 1, -1, -1, -1
175, 1, 722.53, 311.59, 112.96, 259.79, 1, -1, -1, -1
176, 1, 729.99, 319.06, 115.02, 260.34, 1, -1, -1, -1
177, 1, 737.21, 326.03, 117.07, 262.26, 1, -1, -1, -1
178, 1, 742.40, 332.47, 121.89, 264.53, 1, -1, -1, -1
179, 1, 747.71, 337.87, 128.59, 268.49, 1, -1, -1, -1
180, 1, 753.88, 344.81, 130.45, 269.43, 1, -1, -1, -1
181, 1, 759.79, 350.15, 133.12, 274.08, 1, -1, -1, -1
182, 1, 761.42, 351.89, 133.55, 273.89, 1, -1, -1, -1
183, 1, 762.61, 356.12, 133.12, 281.24, 1, -1, -1, -1
184, 1, 771.99, 362.86, 128.06, 282.97, 1, -1, -1, -1
185, 1, 779.75, 370.71, 127.08, 280.96, 1, -1, -1, -1
186, 1, 788.97, 372.58, 124.55, 278.56, 1, -1, -1, -1
187, 1, 792.24, 377.87, 121.59, 283.60, 1, -1, -1, -1
188, 1, 800.69, 382.31, 118.37, 277.03, 1, -1, -1, -1
189, 1, 809.09, 382.64, 115.90, 274.82, 1, -1, -1, -1
190, 1, 818.66, 396.52, 113.46, 264.09, 1, -1, -1, -1
191, 1, 827.71, 406.54, 112.69, 258.63, 1, -1, -1, -1
192, 1, 834.41, 406.51, 113.44, 259.85, 1, -1, -1, -1
193, 1, 833.76, 416.29, 117.97, 257.86, 1, -1, -1, -1
194, 1, 840.90, 426.64, 119.41, 252.98, 1, -1, -1, -1
195, 1, 844.87, 435.01, 125.75, 252.11, 1, -1, -1, -1
196, 1, 851.21, 441.63, 128.24, 253.10, 1, -1, -1, -1
197, 1, 857.06, 449.01, 131.28, 255.03, 1, -1, -1, -1
198, 1, 856.31, 453.73, 134.87, 260.26, 1, -1, -1, -1
199, 1, 863.50, 458.28, 135.55, 254.62, 1, -1, -1, -1
200, 1, 863.24, 462.05, 138.92, 261.02, 1, -1, -1, -1
201, 1, 872.33, 469.63, 135.23, 261.85, 1, -1, -1, -1
202, 1, 882.06, 473.49, 128.90, 256.73, 1, -1, -1, -1
203, 1, 892.28, 480.52, 125.46, 258.08, 1, -1, -1, -1
204, 1, 894.65, 484.90, 124.76, 263.87, 1, -1, -1, -1
205, 1, 902.09, 491.07, 124.94, 267.10, 1, -1, -1, -1
206, 1, 906.99, 493.82, 129.64, 277.32, 1, -1, -1, -1
207, 1, 915.19, 498.02, 127.35, 269.62, 1, -1, -1, -1
208, 1, 917.15, 502.93, 128.14, 274.14, 1, -1, -1, -1
209, 1, 922.28, 505.06, 130.55, 270.88, 1, -1, -1, -1
210, 1, 929.86, 511.74, 129.31, 273.25, 1, -1, -1, -1
211, 1, 931.56, 514.29, 130.45, 283.55, 1, -1, -1, -1
212, 1, 937.17, 515.46, 131.25, 282.01, 1, -1, -1, -1
213, 1, 938.57, 513.82, 131.84, 285.30, 1, -1, -1, -1
214, 1, 939.83, 513.58, 131.37, 285.22, 1, -1, -1, -1
215, 1, 947.07, 513.55, 128.80, 285.42, 1, -1, -1, -1
216, 1, 949.34, 511.92, 127.16, 287.95, 1, -1, -1, -1
217, 1, 955.26, 508.76, 127.66, 294.12, 1, -1, -1, -1
218, 1, 958.35, 505.56, 125.29, 299.79, 1, -1, -1, -1
219, 1, 964.52, 500.78, 125.73, 292.60, 1, -1, -1, -1
220, 1, 966.51, 501.32, 124.25, 291.88, 1, -1, -1, -1
221, 1, 972.58, 497.66, 125.85, 282.23, 1, -1, -1, -1
222, 1, 980.14, 497.29, 123.90, 282.46, 1, -1, -1, -1
223, 1, 984.23, 495.22, 120.92, 271.34, 1, -1, -1, -1
224, 1, 989.47, 493.21, 122.16, 274.25, 1, -1, -1, -1
225, 1, 992.94, 488.95, 120.06, 268.70, 1, -1, -1, -1
226, 1, 998.02, 486.24, 122.16, 272.04, 1, -1, -1, -1
227, 1, 999.59, 484.38, 122.84, 276.70, 1, -1, -1, -1
228, 1, 1004.25, 479.18, 124.64, 272.26, 1, -1, -1, -1
229, 1, 1004.87, 476.67, 127.06, 277.38, 1, -1, -1, -1
230, 1, 1010.65, 474.91, 128.87, 280.08, 1, -1, -1, -1
231, 1, 1012.02, 470.51, 130.43, 273.82, 1, -1, -1, -1
232, 1, 1018.73, 465.82, 130.13, 267.07, 1, -1, -1, -1
233, 1, 1019.22, 462.96, 131.79, 271.81, 1, -1, -1, -1
234, 1, 1025.57, 457.77, 131.44, 265.37, 1, -1, -1, -1
235, 1, 1027.02, 454.14, 131.90, 258.99, 1, -1, -1, -1
236, 1, 1033.04, 450.82, 130.69, 264.61, 1, -1, -1, -1
237, 1, 1033.68, 445.45, 132.26, 260.38, 1, -1, -1, -1
238, 1, 1034.97, 440.61, 131.94, 269.03, 1, -1, -1, -1
239, 1, 1036.76, 435.82, 128.78, 263.56, 1, -1, -1, -1
240, 1, 1041.40, 432.48, 129.81, 268.83, 1, -1, -1, -1
241, 1, 1043.27, 426.79, 128.11, 264.69, 1, -1, -1, -1
242, 1, 1043.56, 424.05, 128.12, 268.96, 1, -1, -1, -1
243, 1, 1043.56, 417.81, 128.18, 267.31, 1, -1, -1, -1
244, 1, 1043.02, 415.76, 128.30, 271.04, 1, -1, -1, -1
245, 1, 1042.06, 412.30, 129.41, 277.72, 1, -1, -1, -1
246, 1, 1042.39, 409.73, 127.89, 281.88, 1, -1, -1, -1
247, 1, 1038.22, 403.67, 126.94, 279.84, 1, -1, -1, -1
248, 1, 1039.56, 398.94, 123.18, 273.63, 1, -1, -1, -1
249, 1, 1037.83, 395.38, 122.86, 279.53, 1, -1, -1, -1
250, 1, 1037.74, 391.48, 121.08, 271.13, 1, -1, -1, -1
251, 1, 1032.98, 384.48, 120.55, 269.24, 1, -1, -1, -1
252, 1, 1031.35, 379.76, 121.05, 262.88, 1, -1, -1, -1
253, 1, 1030.59, 375.13, 120.35, 257.59, 1, -1, -1, -1
254, 1, 1026.24, 371.90, 118.67, 263.21, 1, -1, -1, -1
255, 1, 1024.68, 365.83, 118.91, 260.49, 1, -1, -1, -1
256, 1, 1023.08, 363.20, 118.96, 263.81, 1, -1, -1, -1
257, 1, 1016.58, 359.53, 121.36, 271.36, 1, -1, -1, -1
258, 1, 1013.66, 354.73, 123.12, 265.73, 1, -1, -1, -1
259, 1, 1007.30, 351.46, 124.54, 272.78, 1, -1, -1, -1
260, 1, 1005.49, 344.78, 124.91, 269.88, 1, -1, -1, -1
261, 1, 1004.79, 341.60, 123.72, 274.92, 1, -1, -1, -1
262, 1, 1000.47, 336.99, 122.01, 269.27, 1, -1, -1, -1
263, 1, 998.54, 333.00, 123.57, 276.50, 1, -1, -1, -1
264, 1, 997.06, 328.09, 123.93, 270.68, 1, -1, -1, -1
265, 1, 992.35, 325.79, 122.01, 274.54, 1, -1, -1, -1
266, 1, 990.82, 320.08, 121.72, 270.19, 1, -1, -1, -1
267, 1, 989.34, 315.34, 121.97, 264.22, 1, -1, -1, -1
268, 1, 984.65, 312.89, 121.11, 268.44, 1, -1, -1, -1
269, 1, 982.58, 307.75, 122.16, 262.92, 1, -1, -1, -1
270, 1, 978.14, 303.51, 119.30, 256.79, 1, -1, -1, -1
271, 1, 976.20, 299.35, 118.33, 262.98, 1, -1, -1, -1
272, 1, 970.60, 292.79, 118.07, 261.00, 1, -1, -1, -1
273, 1, 968.84, 287.11, 118.62, 257.09, 1, -1, -1, -1
274, 1, 966.59, 286.01, 119.40, 258.48, 1, -1, -1, -1
275, 1, 959.38, 280.44, 122.38, 254.74, 1, -1, -1, -1
276, 1, 951.45, 277.87, 124.21, 258.03, 1, -1, -1, -1
277, 1, 950.11, 272.66, 123.71, 252.93, 1, -1, -1, -1
278, 1, 944.21, 270.91, 122.00, 256.51, 1, -1, -1, -1
279, 1, 940.90, 266.75, 123.19, 264.33, 1, -1, -1, -1
280, 1, 932.97, 262.21, 125.38, 259.03, 1, -1, -1, -1
281, 1, 927.28, 258.84, 123.62, 264.56, 1, -1, -1, -1
282, 1, 919.04, 255.52, 125.17, 271.17, 1, -1, -1, -1
283, 1, 917.96, 251.29, 122.45, 263.12, 1, -1, -1, -1
284, 1, 912.19, 246.64, 121.49, 271.71, 1, -1, -1, -1
285, 1, 909.68, 243.42, 121.72, 263.41, 1, -1, -1, -1
286, 1, 901.07, 238.25, 124.31, 272.37, 1, -1, -1, -1
287, 1, 897.28, 234.58, 119.64, 265.09, 1, -1, -1, -1
288, 1, 889.99, 231.60, 119.18, 269.74, 1, -1, -1, -1
289, 1, 888.65, 227.68, 117.33, 262.99, 1, -1, -1, -1
290, 1, 883.00, 223.21, 115.56, 271.54, 1, -1, -1, -1
291, 1, 880.19, 220.16, 117.47, 262.40, 1, -1, -1, -1
292, 1, 874.98, 216.84, 116.16, 267.91, 1, -1, -1, -1
293, 1, 873.65, 215.61, 115.12, 269.20, 1, -1, -1, -1
294, 1, 868.65, 210.84, 113.40, 265.27, 1, -1, -1, -1
295, 1, 865.42, 206.94, 115.15, 271.53, 1, -1, -1, -1
296, 1, 859.94, 204.95, 114.93, 275.59, 1, -1, -1, -1
297, 1, 859.10, 201.69, 114.00, 267.09, 1, -1, -1, -1
298, 1, 856.68, 200.24, 115.03, 270.13, 1, -1, -1, -1
299, 1, 851.76, 197.42, 114.38, 275.56, 1, -1, -1, -1
300, 1, 849.67, 195.97, 114.57, 277.41, 1, -1, -1, -1
301, 1, 848.18, 192.11, 115.61, 270.01, 1, -1, -1, -1
302, 1, 843.49, 188.66, 114.41, 275.41, 1, -1, -1, -1
303, 1, 842.46, 186.08, 113.62, 264.79, 1, -1, -1, -1
304, 1, 841.54, 183.61, 113.37, 256.43, 1, -1, -1, -1
305, 1, 835.22, 180.52, 116.00, 261.95, 1, -1, -1, -1
306, 1, 833.50, 178.73, 115.37, 264.65, 1, -1, -1, -1
307, 1, 830.10, 175.64, 119.55, 256.48, 1, -1, -1, -1
308, 1, 826.36, 172.78, 118.04, 261.57, 1, -1, -1, -1
309, 1, 823.59, 171.55, 119.54, 263.50, 1, -1, -1, -1
310, 1, 822.07, 168.98, 119.91, 268.89, 1, -1, -1, -1
311, 1, 818.46, 165.40, 118.18, 262.28, 1, -1, -1, -1
312, 1, 816.09, 162.45, 119.92, 266.36, 1, -1, -1, -1
313, 1, 813.57, 161.13, 122.21, 268.53, 1, -1, -1, -1
314, 1, 812.55, 159.56, 123.19, 271.07, 1, -1, -1, -1
315, 1, 807.32, 156.58, 124.31, 278.54, 1, -1, -1, -1
316, 1, 805.42, 155.21, 124.80, 280.24, 1, -1, -1, -1
317, 1, 805.11, 154.78, 121.96, 280.83, 1, -1, -1, -1
318, 1, 800.36, 152.71, 121.10, 284.20, 1, -1, -1, -1
319, 1, 800.07, 152.56, 117.68, 283.59, 1, -1, -1, -1
320, 1, 793.72, 148.30, 119.54, 278.24, 1, -1, -1, -1
321, 1, 791.15, 147.43, 119.07, 279.32, 1, -1, -1, -1
322, 1, 786.50, 145.20, 117.44, 283.39, 1, -1, -1, -1
323, 1, 785.71, 144.50, 115.95, 283.80, 1, -1, -1, -1
324, 1, 783.76, 141.63, 116.79, 274.77, 1, -1, -1, -1
325, 1, 781.31, 141.67, 111.30, 273.90, 1, -1, -1, -1
326, 1, 779.81, 141.45, 112.72, 273.33, 1, -1, -1, -1
327, 1, 776.57, 139.39, 116.46, 263.47, 1, -1, -1, -1
328, 1, 772.06, 139.31, 114.98, 263.71, 1, -1, -1, -1
329, 1, 770.59, 138.80, 114.73, 264.34, 1, -1, -1, -1
330, 1, 769.14, 138.27, 114.78, 263.87, 1, -1, -1, -1
331, 1, 768.53, 137.71, 114.32, 264.70, 1, -1, -1, -1
332, 1, 764.21, 135.82, 114.11, 268.64, 1, -1, -1, -1
333, 1, 762.64, 135.90, 114.14, 268.48, 1, -1, -1, -1
334, 1, 761.39, 135.04, 115.28, 270.55, 1, -1, -1, -1
335, 1, 760.51, 135.51, 115.97, 269.64, 1, -1, -1, -1
336, 1, 760.33, 137.17, 115.52, 266.89, 1, -1, -1, -1
337, 1, 754.72, 135.84, 117.71, 270.31, 1, -1, -1, -1
338, 1, 754.70, 136.69, 115.48, 268.23, 1, -1, -1, -1
339, 1, 753.99, 136.63, 113.95, 267.70, 1, -1, -1, -1
340, 1, 754.55, 136.40, 112.12, 267.17, 1, -1, -1, -1
341, 1, 753.79, 135.90, 112.73, 267.92, 1, -1, -1, -1
342, 1, 753.72, 134.85, 113.44, 257.81, 1, -1, -1, -1
343, 1, 754.01, 133.50, 112.82, 259.65, 1, -1, -1, -1
344, 1, 754.56, 134.89, 110.60, 256.83, 1, -1, -1, -1
345, 1, 754.02, 135.09, 111.00, 256.49, 1, -1, -1, -1
346, 1, 749.08, 133.78, 112.78, 259.97, 1, -1, -1, -1
347, 1, 750.26, 134.51, 109.98, 259.12, 1, -1, -1, -1
348, 1, 750.03, 135.08, 109.54, 258.00, 1, -1, -1, -1
349, 1, 749.48, 135.23, 110.50, 257.93, 1, -1, -1, -1
350, 1, 749.87, 138.52, 109.91, 265.60, 1, -1, -1, -1
351, 1, 748.87, 138.22, 111.43, 266.97, 1, -1, -1, -1
352, 1, 748.44, 139.12, 111.45, 265.36, 1, -1, -1, -1
353, 1, 746.92, 140.03, 113.29, 263.91, 1, -1, -1, -1
354, 1, 745.22, 142.18, 115.69, 274.65, 1, -1, -1, -1
355, 1, 744.07, 142.54, 116.00, 273.48, 1, -1, -1, -1
356, 1, 739.20, 142.50, 116.53, 274.49, 1, -1, -1, -1
357, 1, 738.87, 143.36, 115.39, 272.35, 1, -1, -1, -1
358, 1, 737.03, 144.15, 116.73, 270.93, 1, -1, -1, -1
359, 1, 735.88, 144.31, 118.03, 270.18, 1, -1, -1, -1
360, 1, 734.32, 144.53, 120.58, 269.23, 1, -1, -1, -1
361, 1, 733.75, 145.35, 122.10, 267.58, 1, -1, -1, -1
362, 1, 734.25, 147.68, 121.72, 263.22, 1, -1, -1, -1
363, 1, 734.43, 150.88, 120.76, 257.52, 1, -1, -1, -1
364, 1, 735.66, 154.01, 118.54, 252.66, 1, -1, -1, -1
365, 1, 737.09, 158.15, 116.14, 257.46, 1, -1, -1, -1
366, 1, 736.58, 159.66, 118.54, 255.59, 1, -1, -1, -1
367, 1, 736.85, 162.45, 119.85, 251.35, 1, -1, -1, -1
368, 1, 738.08, 167.49, 118.70, 256.09, 1, -1, -1, -1
369, 1, 736.01, 169.13, 121.63, 254.72, 1, -1, -1, -1
370, 1, 737.00, 174.32, 120.19, 258.48, 1, -1, -1, -1
371, 1, 743.43, 178.10, 118.20, 252.93, 1, -1, -1, -1
372, 1, 743.50, 181.17, 119.14, 260.67, 1, -1, -1, -1
373, 1, 744.54, 182.78, 118.62, 259.21, 1, -1, -1, -1
374, 1, 746.08, 187.95, 116.85, 262.52, 1, -1, -1, -1
375, 1, 745.88, 189.51, 117.60, 260.12, 1, -1, -1, -1
376, 1, 746.49, 192.13, 117.33, 256.26, 1, -1, -1, -1
377, 1, 752.20, 196.98, 115.40, 259.68, 1, -1, -1, -1
378, 1, 753.30, 197.93, 116.39, 259.35, 1, -1, -1, -1
379, 1, 754.23, 200.89, 116.97, 255.51, 1, -1, -1, -1
380, 1, 753.75, 205.09, 118.94, 262.16, 1, -1, -1, -1
381, 1, 759.04, 205.83, 119.82, 261.25, 1, -1, -1, -1
382, 1, 760.57, 210.22, 118.99, 267.34, 1, -1, -1, -1
383, 1, 759.00, 211.93, 123.21, 265.69, 1, -1, -1, -1
384, 1, 758.63, 216.54, 124.40, 271.72, 1, -1, -1, -1
385, 1, 764.43, 223.00, 124.65, 274.26, 1, -1, -1, -1
386, 1, 765.37, 224.59, 124.82, 271.58, 1, -1, -1, -1
387, 1, 766.33, 229.88, 125.12, 277.19, 1, -1, -1, -1
388, 1, 768.33, 236.77, 121.67, 278.74, 1, -1, -1, -1
389, 1, 773.76, 241.17, 121.01, 285.28, 1, -1, -1, -1
390, 1, 774.09, 241.85, 121.76, 284.12, 1, -1, -1, -1
391, 1, 775.08, 242.39, 121.64, 282.92, 1, -1, -1, -1
392, 1, 775.36, 244.16, 121.12, 279.46, 1, -1, -1, -1
393, 1, 775.98, 245.09, 120.08, 277.63, 1, -1, -1, -1
394, 1, 775.66, 250.22, 121.48, 284.28, 1, -1, -1, -1
395, 1, 776.04, 250.71, 121.01, 282.60, 1, -1, -1, -1
396, 1, 781.24, 257.03, 121.92, 285.24, 1, -1, -1, -1
397, 1, 782.50, 256.61, 122.06, 285.62, 1, -1, -1, -1
398, 1, 782.92, 258.82, 123.47, 282.21, 1, -1, -1, -1
399, 1, 789.14, 262.70, 122.13, 274.14, 1, -1, -1, -1
400, 1, 789.89, 267.36, 123.47, 281.44, 1, -1, -1, -1
401, 1, 791.68, 268.90, 122.14, 278.06, 1, -1, -1, -1
402, 1, 796.77, 271.75, 124.42, 272.54, 1, -1, -1, -1
403, 1, 798.26, 277.62, 124.17, 276.33, 1, -1, -1, -1
404, 1, 804.10, 280.77, 124.84, 269.92, 1, -1, -1, -1
405, 1, 806.18, 286.00, 124.00, 274.64, 1, -1, -1, -1
406, 1, 804.60, 288.29, 128.15, 272.02, 1, -1, -1, -1
407, 1, 804.11, 292.39, 129.29, 279.47, 1, -1, -1, -1
408, 1, 809.37, 296.47, 130.87, 285.48, 1, -1, -1, -1
409, 1, 811.57, 297.56, 130.00, 283.18, 1, -1, -1, -1
410, 1, 818.68, 300.96, 128.30, 276.93, 1, -1, -1, -1
411, 1, 820.65, 302.53, 128.91, 275.00, 1, -1, -1, -1
412, 1, 827.89, 304.70, 127.88, 271.24, 1, -1, -1, -1
413, 1, 828.01, 308.30, 130.04, 279.03, 1, -1, -1, -1
414, 1, 835.31, 309.91, 128.24, 275.35, 1, -1, -1, -1
415, 1, 836.29, 310.85, 129.33, 274.25, 1, -1, -1, -1
416, 1, 840.83, 315.25, 131.78, 281.80, 1, -1, -1, -1
417, 1, 842.04, 315.90, 133.81, 281.25, 1, -1, -1, -1
418, 1, 848.55, 321.96, 133.08, 284.03, 1, -1, -1, -1
419, 1, 848.07, 321.77, 137.55, 285.27, 1, -1, -1, -1
420, 1, 855.77, 328.22, 133.82, 286.81, 1, -1, -1, -1
421, 1, 857.17, 328.15, 135.08, 287.73, 1, -1, -1, -1
422, 1, 864.23, 331.25, 132.14, 281.94, 1, -1, -1, -1
423, 1, 866.28, 334.31, 130.88, 290.26, 1, -1, -1, -1
424, 1, 868.85, 333.33, 127.93, 291.78, 1, -1, -1, -1
425, 1, 869.16, 333.04, 128.66, 292.37, 1, -1, -1, -1
426, 1, 875.30, 335.17, 125.55, 289.56, 1, -1, -1, -1
427, 1, 877.75, 332.37, 124.81, 293.99, 1, -1, -1, -1
428, 1, 878.39, 330.17, 125.01, 298.14, 1, -1, -1, -1
429, 1, 883.66, 326.65, 125.51, 289.14, 1, -1, -1, -1
430, 1, 886.18, 325.76, 123.61, 289.69, 1, -1, -1, -1
431, 1, 886.83, 322.34, 124.59, 281.20, 1, -1, -1, -1
432, 1, 891.97, 320.88, 125.54, 283.51, 1, -1, -1, -1
433, 1, 894.78, 316.49, 124.62, 278.48, 1, -1, -1, -1
434, 1, 900.01, 314.93, 126.02, 280.05, 1, -1, -1, -1
435, 1, 901.30, 312.40, 126.69, 269.74, 1, -1, -1, -1
436, 1, 908.58, 313.95, 121.63, 266.77, 1, -1, -1, -1
437, 1, 910.57, 309.53, 121.69, 274.56, 1, -1, -1, -1
438, 1, 912.01, 305.42, 122.21, 268.63, 1, -1, -1, -1
439, 1, 916.86, 304.30, 122.47, 270.14, 1, -1, -1, -1
440, 1, 918.84, 302.30, 123.56, 273.49, 1, -1, -1, -1
441, 1, 919.17, 299.84, 124.32, 278.28, 1, -1, -1, -1
442, 1, 925.36, 293.49, 125.15, 275.65, 1, -1, -1, -1
443, 1, 928.00, 291.93, 122.12, 277.45, 1, -1, -1, -1
444, 1, 936.27, 285.94, 119.79, 272.75, 1, -1, -1, -1
445, 1, 938.74, 280.95, 116.89, 267.13, 1, -1, -1, -1
446, 1, 945.04, 276.43, 117.92, 261.71, 1, -1, -1, -1
447, 1, 946.20, 273.68, 118.68, 267.44, 1, -1, -1, -1
448, 1, 951.28, 267.39, 120.06, 264.48, 1, -1, -1, -1
449, 1, 952.21, 264.58, 121.38, 268.98, 1, -1, -1, -1
450, 1, 956.91, 258.56, 122.35, 266.68, 1, -1, -1, -1
451, 1, 957.21, 254.20, 126.08, 274.33, 1, -1, -1, -1
452, 1, 963.89, 250.14, 125.12, 267.25, 1, -1, -1, -1
453, 1, 964.56, 246.76, 126.07, 272.71, 1, -1, -1, -1
454, 1, 966.47, 244.33, 123.86, 277.17, 1, -1, -1, -1
455, 1, 966.33, 237.70, 125.60, 275.92, 1, -1, -1, -1
456, 1, 967.97, 235.98, 122.77, 279.11, 1, -1, -1, -1
457, 1, 969.80, 234.75, 118.73, 281.61, 1, -1, -1, -1
458, 1, 969.56, 232.45, 119.15, 286.16, 1, -1, -1, -1
459, 1, 968.91, 225.11, 120.01, 285.95, 1, -1, -1, -1
460, 1, 973.86, 221.88, 121.65, 291.13, 1, -1, -1, -1
461, 1, 975.50, 214.29, 120.73, 290.39, 1, -1, -1, -1
462, 1, 977.14, 210.14, 119.22, 282.17, 1, -1, -1, -1
463, 1, 977.55, 207.93, 118.14, 286.62, 1, -1, -1, -1
464, 1, 977.60, 203.33, 118.79, 280.43, 1, -1, -1, -1
465, 1, 977.50, 200.07, 119.70, 285.87, 1, -1, -1, -1
466, 1, 978.65, 200.06, 117.13, 285.85, 1, -1, -1, -1
467, 1, 978.24, 195.55, 117.77, 279.76, 1, -1, -1, -1
468, 1, 981.27, 192.78, 121.95, 284.22, 1, -1, -1, -1
469, 1, 982.30, 188.13, 122.63, 278.73, 1, -1, -1, -1
470, 1, 983.83, 186.72, 120.27, 280.86, 1, -1, -1, -1
471, 1, 983.75, 185.97, 120.34, 282.14, 1, -1, -1, -1
472, 1, 985.10, 185.58, 118.20, 282.81, 1, -1, -1, -1
473, 1, 984.92, 185.65, 120.13, 282.28, 1, -1, -1, -1
474, 1, 985.22, 183.21, 119.39, 272.77, 1, -1, -1, -1
475, 1, 985.32, 182.07, 119.89, 275.25, 1, -1, -1, -1
476, 1, 989.73, 181.76, 121.03, 274.79, 1, -1, -1, -1
477, 1, 990.92, 176.77, 121.70, 270.23, 1, -1, -1, -1
478, 1, 991.42, 175.30, 122.56, 272.11, 1, -1, -1, -1
479, 1, 991.07, 173.56, 123.37, 274.79, 1, -1, -1, -1
480, 1, 992.63, 170.83, 121.05, 265.86, 1, -1, -1, -1
481, 1, 992.71, 169.77, 120.54, 267.41, 1, -1, -1, -1
482, 1, 993.14, 169.95, 119.71, 266.60, 1, -1, -1, -1
483, 1, 997.81, 169.47, 120.00, 266.67, 1, -1, -1, -1
484, 1, 998.30, 168.53, 119.99, 267.76, 1, -1, -1, -1
485, 1, 998.09, 167.58, 122.40, 270.02, 1, -1, -1, -1
486, 1, 997.57, 166.90, 123.02, 271.88, 1, -1, -1, -1
487, 1, 999.77, 166.85, 120.01, 272.09, 1, -1, -1, -1
488, 1, 1005.17, 171.15, 109.49, 248.23, 1, -1, -1, -1
489, 1, 1001.90, 170.45, 115.89, 265.81, 1, -1, -1, -1
490, 1, 1001.93, 170.20, 115.36, 267.07, 1, -1, -1, -1
491, 1, 999.46, 169.17, 119.44, 268.76, 1, -1, -1, -1
492, 1, 998.75, 169.45, 120.09, 268.26, 1, -1, -1, -1
493, 1, 998.06, 169.89, 121.30, 267.74, 1, -1, -1, -1
494, 1, 999.69, 172.27, 117.78, 262.88, 1, -1, -1, -1
495, 1, 998.37, 171.91, 120.03, 263.20, 1, -1, -1, -1
496, 1, 992.70, 172.19, 120.96, 262.35, 1, -1, -1, -1
497, 1, 991.92, 172.84, 121.47, 260.83, 1, -1, -1, -1
498, 1, 991.17, 173.68, 121.39, 259.25, 1, -1, -1, -1
499, 1, 992.50, 175.78, 118.59, 255.68, 1, -1, -1, -1
500, 1, 992.55, 179.37, 118.50, 263.51, 1, -1, -1, -1
501, 1, 992.18, 180.39, 118.02, 261.96, 1, -1, -1, -1
502, 1, 992.15, 181.54, 118.24, 260.64, 1, -1, -1, -1
503, 1, 991.74, 186.15, 118.30, 266.06, 1, -1, -1, -1
504, 1, 990.67, 186.12, 119.86, 267.44, 1, -1, -1, -1
505, 1, 990.72, 188.71, 119.81, 262.24, 1, -1, -1, -1
506, 1, 991.26, 194.23, 119.03, 267.65, 1, -1, -1, -1
507, 1, 991.30, 196.22, 119.21, 264.12, 1, -1, -1, -1
508, 1, 992.39, 201.11, 117.62, 269.65, 1, -1, -1, -1
509, 1, 991.69, 202.60, 120.08, 266.77, 1, -1, -1, -1
510, 1, 991.94, 207.09, 120.28, 273.22, 1, -1, -1, -1
511, 1, 992.57, 207.57, 119.22, 271.95, 1, -1, -1, -1
512, 1, 992.60, 209.21, 120.79, 268.74, 1, -1, -1, -1
513, 1, 997.72, 213.10, 120.22, 261.12, 1, -1, -1, -1
514, 1, 998.71, 215.46, 119.68, 256.97, 1, -1, -1, -1
515, 1, 1000.30, 218.58, 118.29, 250.95, 1, -1, -1, -1
516, 1, 1001.39, 222.35, 117.80, 258.97, 1, -1, -1, -1
517, 1, 1002.25, 224.16, 116.37, 256.03, 1, -1, -1, -1
518, 1, 1001.49, 228.97, 117.74, 261.79, 1, -1, -1, -1
519, 1, 1000.37, 230.55, 121.26, 259.70, 1, -1, -1, -1
520, 1, 1001.43, 237.49, 119.45, 261.40, 1, -1, -1, -1
521, 1, 1001.46, 240.75, 119.12, 256.05, 1, -1, -1, -1
522, 1, 1002.25, 246.07, 117.55, 260.47, 1, -1, -1, -1
523, 1, 1001.41, 249.67, 118.22, 253.17, 1, -1, -1, -1
524, 1, 1001.34, 254.86, 118.29, 258.43, 1, -1, -1, -1
525, 1, 1006.47, 261.22, 119.32, 262.33, 1, -1, -1, -1
526, 1, 1006.26, 265.40, 120.55, 269.20, 1, -1, -1, -1
527, 1, 1006.01, 268.75, 120.90, 262.60, 1, -1, -1, -1
528, 1, 1006.46, 275.24, 120.08, 265.39, 1, -1, -1, -1
529, 1, 1005.63, 280.17, 120.89, 271.41, 1, -1, -1, -1
530, 1, 1005.49, 283.07, 121.41, 265.24, 1, -1, -1, -1
531, 1, 1006.62, 290.40, 119.11, 266.09, 1, -1, -1, -1
532, 1, 1006.84, 295.22, 118.54, 257.47, 1, -1, -1, -1
533, 1, 1007.44, 301.93, 117.17, 259.58, 1, -1, -1, -1
534, 1, 1006.33, 307.23, 119.06, 264.77, 1, -1, -1, -1
535, 1, 1001.32, 309.41, 118.76, 262.07, 1, -1, -1, -1
536, 1, 1000.66, 315.59, 119.46, 265.05, 1, -1, -1, -1
537, 1, 1001.17, 323.41, 117.78, 266.07, 1, -1, -1, -1
538, 1, 1001.09, 331.47, 118.03, 265.27, 1, -1, -1, -1
539, 1, 999.89, 337.69, 119.70, 269.02, 1, -1, -1, -1
540, 1, 1000.02, 344.39, 119.54, 271.48, 1, -1, -1, -1
541, 1, 997.28, 349.91, 124.68, 276.50, 1, -1, -1, -1
542, 1, 997.12, 357.39, 125.21, 277.95, 1, -1, -1, -1
543, 1, 997.40, 364.60, 124.16, 279.53, 1, -1, -1, -1
544, 1, 996.00, 369.85, 126.19, 284.99, 1, -1, -1, -1
545, 1, 995.15, 375.63, 127.91, 289.23, 1, -1, -1, -1
546, 1, 996.50, 383.84, 125.95, 288.11, 1, -1, -1, -1
547, 1, 994.26, 386.46, 129.78, 282.83, 1, -1, -1, -1
548, 1, 993.91, 390.18, 130.80, 275.40, 1, -1, -1, -1
549, 1, 994.08, 400.91, 129.47, 269.95, 1, -1, -1, -1
550, 1, 992.26, 407.58, 132.22, 272.06, 1, -1, -1, -1
551, 1, 992.86, 411.55, 131.00, 264.68, 1, -1, -1, -1
552, 1, 985.31, 420.34, 134.52, 263.97, 1, -1, -1, -1
553, 1, 984.09, 428.36, 135.71, 263.28, 1, -1, -1, -1
554, 1, 982.75, 435.56, 136.93, 265.11, 1, -1, -1, -1
555, 1, 981.89, 441.51, 138.38, 268.45, 1, -1, -1, -1
556, 1, 981.07, 448.19, 138.97, 271.10, 1, -1, -1, -1
557, 1, 981.06, 452.84, 139.23, 262.03, 1, -1, -1, -1
558, 1, 981.45, 460.80, 138.30, 262.77, 1, -1, -1, -1
559, 1, 981.21, 466.69, 138.90, 266.92, 1, -1, -1, -1
560, 1, 982.40, 471.57, 136.36, 273.13, 1, -1, -1, -1
561, 1, 975.30, 476.04, 138.11, 281.23, 1, -1, -1, -1
562, 1, 974.95, 483.17, 136.76, 282.72, 1, -1, -1, -1
563, 1, 971.29, 491.70, 131.30, 281.48, 1, -1, -1, -1
564, 1, 967.97, 491.65, 134.87, 280.79, 1, -1, -1, -1
565, 1, 961.38, 494.04, 135.57, 275.58, 1, -1, -1, -1
566, 1, 959.43, 495.27, 136.36, 272.34, 1, -1, -1, -1
567, 1, 952.84, 496.82, 136.27, 269.99, 1, -1, -1, -1
568, 1, 951.18, 497.01, 137.48, 269.00, 1, -1, -1, -1
569, 1, 945.01, 496.63, 135.99, 270.32, 1, -1, -1, -1
570, 1, 944.14, 496.17, 136.48, 270.88, 1, -1, -1, -1
571, 1, 944.03, 496.24, 135.93, 270.49, 1, -1, -1, -1
572, 1, 944.17, 494.82, 135.39, 272.63, 1, -1, -1, -1
573, 1, 942.25, 493.00, 137.21, 275.94, 1, -1, -1, -1
574, 1, 940.88, 486.67, 139.51, 272.72, 1, -1, -1, -1
575, 1, 937.78, 487.23, 133.97, 272.14, 1, -1, -1, -1
576, 1, 937.60, 488.18, 133.20, 270.79, 1, -1, -1, -1
577, 1, 937.43, 486.73, 132.33, 274.33, 1, -1, -1, -1
578, 1, 937.34, 484.90, 131.91, 278.10, 1, -1, -1, -1
579, 1, 939.96, 482.74, 126.81, 282.41, 1, -1, -1, -1
580, 1, 938.36, 481.15, 128.37, 285.20, 1, -1, -1, -1
581, 1, 938.58, 473.73, 129.09, 283.55, 1, -1, -1, -1
61, 2, -63.02, -200.95, 139.48, 296.80, 1, -1, -1, -1
62, 2, -43.02, -182.35, 134.95, 277.27, 1, -1, -1, -1
63, 2, -26.36, -173.02, 131.52, 256.71, 1, -1, -1, -1
64, 2, -33.19, -176.85, 145.85, 272.47, 1, -1, -1, -1
72, 2, 46.76, -157.73, 122.79, 255.81, 1, -1, -1, -1
73, 2, 46.36, -142.73, 125.21, 253.60, 1, -1, -1, -1
74, 2, 64.41, -96.57, 105.54, 195.31, 1, -1, -1, -1
75, 2, 72.02, -101.56, 102.00, 199.29, 1, -1, -1, -1
76, 2, 79.45, -102.89, 102.25, 200.82, 1, -1, -1, -1
77, 2, 90.18, -87.45, 96.26, 187.42, 1, -1, -1, -1
78, 2, 93.13, -87.42, 94.15, 187.99, 1, -1, -1, -1
79, 2, 102.36, -100.44, 89.97, 199.74, 1, -1, -1, -1
80, 2, 106.53, -119.19, 96.53, 224.86, 1, -1, -1, -1
81, 2, 106.26, -118.25, 100.28, 224.13, 1, -1, -1, -1
82, 2, 109.45, -119.05, 107.75, 225.75, 1, -1, -1, -1
83, 2, 107.74, -121.98, 114.39, 228.53, 1, -1, -1, -1
84, 2, 108.80, -137.08, 125.08, 243.96, 1, -1, -1, -1
85, 2, 110.11, -121.27, 124.04, 230.33, 1, -1, -1, -1
86, 2, 123.23, -114.08, 127.55, 224.32, 1, -1, -1, -1
87, 2, 126.55, -104.79, 123.21, 216.02, 1, -1, -1, -1
88, 2, 135.05, -98.99, 121.98, 210.34, 1, -1, -1, -1
89, 2, 142.44, -102.32, 121.99, 213.93, 1, -1, -1, -1
90, 2, 145.80, -108.16, 116.95, 218.89, 1, -1, -1, -1
91, 2, 155.41, -97.65, 112.62, 208.04, 1, -1, -1, -1
92, 2, 154.19, -115.04, 115.95, 215.92, 1, -1, -1, -1
93, 2, 154.36, -103.38, 116.34, 203.67, 1, -1, -1, -1
94, 2, 159.64, -120.39, 117.67, 217.81, 1, -1, -1, -1
95, 2, 162.98, -130.85, 114.39, 227.56, 1, -1, -1, -1
96, 2, 171.95, -165.60, 111.75, 260.36, 1, -1, -1, -1
97, 2, 168.81, -186.41, 118.27, 280.41, 1, -1, -1, -1
98, 2, 174.33, -192.72, 121.50, 286.81, 1, -1, -1, -1
99, 2, 180.58, -171.03, 125.34, 265.95, 1, -1, -1, -1
100, 2, 187.04, -156.52, 126.85, 252.63, 1, -1, -1, -1
101, 2, 192.01, -144.57, 119.46, 241.79, 1, -1, -1, -1
102, 2, 193.90, -140.80, 115.71, 239.48, 1, -1, -1, -1
103, 2, 196.62, -146.22, 111.03, 245.45, 1, -1, -1, -1
104, 2, 198.38, -145.72, 107.95, 245.08, 1, -1, -1, -1
105, 2, 197.67, -148.73, 109.27, 247.77, 1, -1, -1, -1
106, 2, 204.05, -149.14, 111.26, 247.98, 1, -1, -1, -1
107, 2, 202.76, -151.92, 115.07, 250.75, 1, -1, -1, -1
108, 2, 209.70, -151.37, 116.53, 250.40, 1, -1, -1, -1
109, 2, 212.46, -144.03, 126.52, 254.37, 1, -1, -1, -1
110, 2, 214.18, -140.71, 125.27, 253.11, 1, -1, -1, -1
111, 2, 221.77, -136.16, 121.75, 249.72, 1, -1, -1, -1
112, 2, 222.20, -133.90, 124.30, 249.24, 1, -1, -1, -1
113, 2, 232.13, -126.22, 115.93, 240.68, 1, -1, -1, -1
114, 2, 232.37, -123.49, 118.81, 249.25, 1, -1, -1, -1
115, 2, 232.10, -128.72, 120.82, 258.48, 1, -1, -1, -1
116, 2, 237.20, -143.70, 123.93, 284.51, 1, -1, -1, -1
117, 2, 236.86, -129.17, 126.85, 273.55, 1, -1, -1, -1
118, 2, 245.61, -120.86, 125.58, 267.57, 1, -1, -1, -1
119, 2, 244.51, -116.40, 128.27, 262.20, 1, -1, -1, -1
120, 2, 250.38, -121.57, 130.90, 278.64, 1, -1, -1, -1
121, 2, 253.55, -116.66, 125.74, 275.14, 1, -1, -1, -1
122, 2, 258.49, -123.70, 129.52, 283.95, 1, -1, -1, -1
123, 2, 260.51, -128.19, 126.94, 290.25, 1, -1, -1, -1
124, 2, 266.68, -127.57, 130.14, 291.44, 1, -1, -1, -1
125, 2, 274.69, -124.09, 130.44, 297.08, 1, -1, -1, -1
126, 2, 273.93, -123.40, 132.70, 298.96, 1, -1, -1, -1
127, 2, 280.79, -114.33, 133.47, 295.74, 1, -1, -1, -1
128, 2, 281.27, -113.68, 133.83, 303.79, 1, -1, -1, -1
129, 2, 281.97, -117.16, 131.79, 308.54, 1, -1, -1, -1
130, 2, 282.99, -116.44, 129.83, 308.37, 1, -1, -1, -1
131, 2, 283.27, -118.14, 129.48, 311.00, 1, -1, -1, -1
132, 2, 283.92, -118.43, 128.48, 313.29, 1, -1, -1, -1
133, 2, 285.67, -117.52, 124.36, 312.79, 1, -1, -1, -1
134, 2, 280.85, -124.93, 134.52, 324.90, 1, -1, -1, -1
135, 2, 299.80, -91.82, 127.68, 302.49, 1, -1, -1, -1
136, 2, 305.72, -72.35, 131.43, 287.50, 1, -1, -1, -1
137, 2, 313.43, -46.23, 131.77, 260.26, 1, -1, -1, -1
138, 2, 316.84, -28.66, 128.95, 241.47, 1, -1, -1, -1
139, 2, 322.46, -19.45, 130.63, 233.98, 1, -1, -1, -1
140, 2, 323.87, -9.41, 129.14, 233.48, 1, -1, -1, -1
141, 2, 329.70, -9.75, 131.07, 237.91, 1, -1, -1, -1
142, 2, 329.90, -6.00, 133.66, 237.12, 1, -1, -1, -1
143, 2, 333.31, -2.94, 140.06, 243.86, 1, -1, -1, -1
144, 2, 334.36, 1.04, 139.70, 240.11, 1, -1, -1, -1
145, 2, 334.74, 5.32, 140.68, 245.61, 1, -1, -1, -1
146, 2, 337.35, 11.04, 135.37, 247.91, 1, -1, -1, -1
147, 2, 345.32, 17.34, 132.29, 239.80, 1, -1, -1, -1
148, 2, 348.01, 22.75, 128.41, 242.44, 1, -1, -1, -1
149, 2, 349.15, 27.08, 127.94, 246.84, 1, -1, -1, -1
150, 2, 350.86, 30.85, 125.58, 244.57, 1, -1, -1, -1
151, 2, 357.92, 38.33, 121.30, 243.83, 1, -1, -1, -1
152, 2, 359.14, 44.72, 119.94, 244.38, 1, -1, -1, -1
153, 2, 360.21, 49.20, 119.84, 240.51, 1, -1, -1, -1
154, 2, 358.18, 53.08, 125.63, 246.80, 1, -1, -1, -1
155, 2, 363.59, 60.56, 125.95, 245.86, 1, -1, -1, -1
156, 2, 365.05, 69.08, 126.05, 244.46, 1, -1, -1, -1
157, 2, 370.32, 77.67, 128.78, 242.48, 1, -1, -1, -1
158, 2, 371.02, 84.21, 131.48, 245.87, 1, -1, -1, -1
159, 2, 376.89, 89.54, 133.14, 239.36, 1, -1, -1, -1
160, 2, 376.53, 95.32, 136.09, 243.42, 1, -1, -1, -1
161, 2, 381.45, 103.20, 139.47, 243.43, 1, -1, -1, -1
162, 2, 381.93, 108.97, 139.93, 248.57, 1, -1, -1, -1
163, 2, 383.21, 113.87, 139.02, 253.68, 1, -1, -1, -1
164, 2, 384.51, 117.20, 137.67, 260.27, 1, -1, -1, -1
165, 2, 390.71, 123.62, 137.03, 261.01, 1, -1, -1, -1
166, 2, 393.02, 126.98, 135.01, 258.53, 1, -1, -1, -1
167, 2, 393.77, 131.53, 135.36, 263.63, 1, -1, -1, -1
168, 2, 395.91, 138.11, 130.31, 264.66, 1, -1, -1, -1
169, 2, 401.72, 142.26, 129.60, 257.51, 1, -1, -1, -1
170, 2, 403.28, 149.06, 127.84, 258.06, 1, -1, -1, -1
171, 2, 405.36, 152.84, 126.34, 253.50, 1, -1, -1, -1
172, 2, 405.36, 157.58, 127.76, 259.04, 1, -1, -1, -1
173, 2, 410.91, 163.88, 128.55, 250.45, 1, -1, -1, -1
174, 2, 410.45, 168.53, 133.93, 255.32, 1, -1, -1, -1
175, 2, 416.53, 177.03, 136.65, 253.16, 1, -1, -1, -1
176, 2, 421.16, 181.77, 140.06, 246.35, 1, -1, -1, -1
177, 2, 422.14, 187.63, 142.75, 247.84, 1, -1, -1, -1
178, 2, 426.74, 195.34, 146.95, 247.85, 1, -1, -1, -1
179, 2, 432.25, 202.89, 150.26, 247.39, 1, -1, -1, -1
180, 2, 434.72, 210.44, 147.45, 248.33, 1, -1, -1, -1
181, 2, 439.36, 214.17, 151.45, 243.30, 1, -1, -1, -1
182, 2, 441.46, 220.62, 149.39, 245.63, 1, -1, -1, -1
183, 2, 443.68, 227.24, 146.78, 247.06, 1, -1, -1, -1
184, 2, 450.52, 234.26, 145.94, 248.31, 1, -1, -1, -1
185, 2, 453.89, 239.46, 141.74, 242.14, 1, -1, -1, -1
186, 2, 460.01, 246.13, 142.18, 241.32, 1, -1, -1, -1
187, 2, 462.98, 252.61, 137.74, 243.20, 1, -1, -1, -1
188, 2, 465.21, 256.70, 135.63, 239.13, 1, -1, -1, -1
189, 2, 473.86, 263.52, 131.09, 238.88, 1, -1, -1, -1
190, 2, 476.56, 270.20, 127.83, 241.51, 1, -1, -1, -1
191, 2, 478.48, 276.41, 123.73, 244.23, 1, -1, -1, -1
192, 2, 479.26, 278.08, 124.46, 244.24, 1, -1, -1, -1
193, 2, 486.09, 285.33, 122.21, 243.41, 1, -1, -1, -1
194, 2, 486.87, 292.98, 122.88, 244.72, 1, -1, -1, -1
195, 2, 492.41, 301.01, 124.74, 244.64, 1, -1, -1, -1
196, 2, 493.32, 306.62, 126.54, 249.37, 1, -1, -1, -1
197, 2, 498.67, 311.43, 130.55, 242.68, 1, -1, -1, -1
198, 2, 504.07, 317.31, 135.14, 246.51, 1, -1, -1, -1
199, 2, 508.62, 325.73, 140.65, 244.34, 1, -1, -1, -1
200, 2, 509.06, 332.32, 143.26, 246.41, 1, -1, -1, -1
201, 2, 515.69, 341.13, 143.06, 244.27, 1, -1, -1, -1
202, 2, 515.69, 344.23, 145.94, 254.15, 1, -1, -1, -1
203, 2, 517.93, 350.93, 142.59, 255.91, 1, -1, -1, -1
204, 2, 524.88, 355.93, 141.55, 249.99, 1, -1, -1, -1
205, 2, 526.39, 360.72, 141.18, 255.72, 1, -1, -1, -1
206, 2, 531.94, 366.07, 141.80, 257.38, 1, -1, -1, -1
207, 2, 534.81, 370.47, 138.33, 252.28, 1, -1, -1, -1
208, 2, 537.45, 374.60, 135.48, 257.01, 1, -1, -1, -1
209, 2, 546.20, 381.28, 129.64, 247.97, 1, -1, -1, -1
210, 2, 548.67, 386.54, 126.80, 250.55, 1, -1, -1, -1
211, 2, 552.02, 394.59, 122.29, 248.71, 1, -1, -1, -1
212, 2, 559.15, 399.98, 120.40, 240.49, 1, -1, -1, -1
213, 2, 560.17, 405.67, 120.67, 243.06, 1, -1, -1, -1
214, 2, 567.39, 409.42, 120.94, 238.73, 1, -1, -1, -1
215, 2, 573.97, 416.54, 121.16, 237.20, 1, -1, -1, -1
216, 2, 573.65, 420.31, 126.43, 232.14, 1, -1, -1, -1
217, 2, 580.58, 427.62, 126.52, 230.14, 1, -1, -1, -1
218, 2, 587.42, 430.84, 128.53, 227.48, 1, -1, -1, -1
219, 2, 593.94, 436.10, 131.12, 230.47, 1, -1, -1, -1
220, 2, 593.23, 438.17, 133.21, 227.48, 1, -1, -1, -1
221, 2, 598.97, 443.64, 136.65, 230.22, 1, -1, -1, -1
222, 2, 606.27, 447.02, 138.20, 226.88, 1, -1, -1, -1
223, 2, 608.23, 453.16, 136.79, 227.50, 1, -1, -1, -1
224, 2, 614.65, 457.44, 135.94, 221.87, 1, -1, -1, -1
225, 2, 618.49, 463.11, 131.59, 222.56, 1, -1, -1, -1
226, 2, 625.66, 465.91, 130.64, 218.55, 1, -1, -1, -1
227, 2, 628.90, 469.36, 126.42, 214.24, 1, -1, -1, -1
228, 2, 629.05, 472.99, 127.94, 219.29, 1, -1, -1, -1
229, 2, 637.46, 475.49, 125.07, 215.41, 1, -1, -1, -1
230, 2, 638.93, 477.72, 124.58, 212.98, 1, -1, -1, -1
231, 2, 647.02, 480.41, 119.83, 208.67, 1, -1, -1, -1
232, 2, 649.29, 483.37, 119.14, 213.89, 1, -1, -1, -1
233, 2, 654.79, 485.36, 122.33, 212.02, 1, -1, -1, -1
234, 2, 661.33, 487.94, 122.79, 208.42, 1, -1, -1, -1
235, 2, 669.47, 489.96, 121.76, 204.89, 1, -1, -1, -1
236, 2, 673.86, 494.48, 118.62, 208.36, 1, -1, -1, -1
237, 2, 679.23, 494.11, 120.59, 208.81, 1, -1, -1, -1
238, 2, 681.80, 492.96, 117.92, 212.12, 1, -1, -1, -1
239, 2, 689.71, 492.41, 115.65, 212.98, 1, -1, -1, -1
240, 2, 696.25, 491.20, 117.76, 215.65, 1, -1, -1, -1
241, 2, 701.81, 488.80, 123.27, 220.86, 1, -1, -1, -1
242, 2, 707.47, 487.40, 126.51, 223.18, 1, -1, -1, -1
243, 2, 707.86, 487.43, 128.02, 223.80, 1, -1, -1, -1
244, 2, 707.15, 486.51, 130.29, 226.81, 1, -1, -1, -1
245, 2, 708.56, 485.99, 128.37, 228.26, 1, -1, -1, -1
246, 2, 715.29, 486.49, 127.69, 227.21, 1, -1, -1, -1
247, 2, 716.76, 484.60, 125.33, 231.12, 1, -1, -1, -1
248, 2, 719.84, 484.59, 120.28, 231.19, 1, -1, -1, -1
249, 2, 721.66, 484.89, 118.63, 231.15, 1, -1, -1, -1
250, 2, 728.05, 484.21, 117.14, 230.89, 1, -1, -1, -1
251, 2, 728.67, 484.75, 118.22, 229.82, 1, -1, -1, -1
252, 2, 729.16, 485.81, 118.87, 228.48, 1, -1, -1, -1
253, 2, 730.26, 486.99, 117.10, 226.72, 1, -1, -1, -1
254, 2, 730.18, 487.62, 117.61, 239.13, 1, -1, -1, -1
255, 2, 729.23, 487.25, 119.03, 239.75, 1, -1, -1, -1
256, 2, 728.95, 486.55, 119.21, 241.47, 1, -1, -1, -1
257, 2, 728.78, 486.54, 120.58, 242.49, 1, -1, -1, -1
258, 2, 727.12, 484.96, 122.92, 246.52, 1, -1, -1, -1
259, 2, 727.38, 486.03, 122.14, 258.15, 1, -1, -1, -1
260, 2, 726.82, 485.33, 123.05, 259.47, 1, -1, -1, -1
261, 2, 724.36, 484.73, 126.23, 261.29, 1, -1, -1, -1
262, 2, 724.08, 485.50, 125.04, 259.05, 1, -1, -1, -1
263, 2, 717.41, 485.79, 128.18, 259.70, 1, -1, -1, -1
264, 2, 716.01, 486.60, 127.34, 258.19, 1, -1, -1, -1
265, 2, 716.22, 487.01, 125.80, 257.73, 1, -1, -1, -1
266, 2, 709.83, 488.08, 126.52, 256.50, 1, -1, -1, -1
267, 2, 708.39, 488.36, 126.04, 256.38, 1, -1, -1, -1
268, 2, 703.09, 490.25, 124.17, 252.71, 1, -1, -1, -1
269, 2, 700.44, 491.18, 126.40, 262.41, 1, -1, -1, -1
270, 2, 700.42, 492.64, 123.62, 259.72, 1, -1, -1, -1
271, 2, 694.08, 490.97, 125.00, 263.10, 1, -1, -1, -1
272, 2, 693.67, 492.79, 122.37, 261.07, 1, -1, -1, -1
273, 2, 687.16, 492.27, 123.14, 262.07, 1, -1, -1, -1
274, 2, 687.04, 493.57, 119.70, 258.71, 1, -1, -1, -1
275, 2, 680.56, 493.53, 120.04, 258.57, 1, -1, -1, -1
276, 2, 680.17, 495.32, 117.17, 255.55, 1, -1, -1, -1
277, 2, 673.58, 496.14, 118.81, 254.80, 1, -1, -1, -1
278, 2, 672.52, 496.78, 117.55, 253.84, 1, -1, -1, -1
279, 2, 666.16, 497.35, 118.04, 252.97, 1, -1, -1, -1
280, 2, 664.80, 497.08, 117.74, 254.48, 1, -1, -1, -1
281, 2, 658.65, 497.53, 117.43, 254.20, 1, -1, -1, -1
282, 2, 657.14, 497.39, 117.30, 254.20, 1, -1, -1, -1
283, 2, 651.02, 498.24, 116.62, 252.32, 1, -1, -1, -1
284, 2, 649.15, 498.28, 116.37, 252.16, 1, -1, -1, -1
285, 2, 644.14, 498.40, 114.77, 252.64, 1, -1, -1, -1
286, 2, 643.98, 497.96, 114.41, 253.14, 1, -1, -1, -1
287, 2, 641.11, 498.33, 116.66, 252.99, 1, -1, -1, -1
288, 2, 634.54, 498.12, 117.62, 252.35, 1, -1, -1, -1
289, 2, 633.51, 499.48, 117.24, 250.50, 1, -1, -1, -1
290, 2, 632.02, 499.72, 117.20, 250.22, 1, -1, -1, -1
291, 2, 626.13, 501.64, 117.81, 259.26, 1, -1, -1, -1
292, 2, 623.80, 501.47, 119.11, 258.27, 1, -1, -1, -1
293, 2, 618.02, 500.92, 118.61, 259.33, 1, -1, -1, -1
294, 2, 617.98, 502.41, 115.74, 255.36, 1, -1, -1, -1
295, 2, 611.14, 502.15, 116.92, 256.97, 1, -1, -1, -1
296, 2, 607.06, 501.97, 121.39, 257.86, 1, -1, -1, -1
297, 2, 601.62, 502.13, 120.00, 257.72, 1, -1, -1, -1
298, 2, 600.94, 503.97, 119.13, 253.94, 1, -1, -1, -1
299, 2, 599.01, 504.25, 119.32, 253.80, 1, -1, -1, -1
300, 2, 592.59, 505.86, 119.99, 250.96, 1, -1, -1, -1
301, 2, 590.59, 506.27, 120.92, 249.60, 1, -1, -1, -1
302, 2, 583.86, 505.71, 123.21, 251.52, 1, -1, -1, -1
303, 2, 581.63, 507.49, 121.98, 248.29, 1, -1, -1, -1
304, 2, 575.53, 508.58, 122.40, 246.38, 1, -1, -1, -1
305, 2, 574.02, 510.34, 122.65, 244.11, 1, -1, -1, -1
306, 2, 567.64, 510.75, 123.20, 243.67, 1, -1, -1, -1
307, 2, 565.68, 514.08, 123.14, 249.72, 1, -1, -1, -1
308, 2, 559.91, 515.34, 122.16, 248.25, 1, -1, -1, -1
309, 2, 557.58, 515.80, 123.08, 247.62, 1, -1, -1, -1
310, 2, 550.91, 517.50, 123.53, 244.53, 1, -1, -1, -1
311, 2, 549.00, 519.62, 124.11, 241.45, 1, -1, -1, -1
312, 2, 543.17, 521.10, 123.46, 239.32, 1, -1, -1, -1
313, 2, 540.20, 525.06, 126.36, 244.30, 1, -1, -1, -1
314, 2, 532.72, 527.11, 129.37, 241.99, 1, -1, -1, -1
315, 2, 530.63, 532.21, 129.81, 245.08, 1, -1, -1, -1
316, 2, 524.27, 534.87, 129.14, 239.84, 1, -1, -1, -1
317, 2, 521.52, 537.23, 129.91, 236.42, 1, -1, -1, -1
318, 2, 514.54, 539.04, 131.49, 234.91, 1, -1, -1, -1
319, 2, 513.09, 543.80, 131.22, 238.21, 1, -1, -1, -1
320, 2, 506.13, 546.70, 132.10, 234.58, 1, -1, -1, -1
321, 2, 504.56, 552.60, 132.31, 237.03, 1, -1, -1, -1
322, 2, 496.74, 556.00, 135.24, 232.91, 1, -1, -1, -1
323, 2, 494.86, 562.89, 135.19, 231.92, 1, -1, -1, -1
324, 2, 487.08, 566.55, 137.92, 226.92, 1, -1, -1, -1
325, 2, 485.92, 569.65, 137.11, 222.25, 1, -1, -1, -1
326, 2, 479.09, 575.99, 136.93, 223.16, 1, -1, -1, -1
327, 2, 471.90, 582.93, 137.00, 225.02, 1, -1, -1, -1
328, 2, 470.29, 586.66, 137.72, 220.31, 1, -1, -1, -1
329, 2, 463.34, 592.84, 138.23, 223.18, 1, -1, -1, -1
330, 2, 460.98, 600.44, 139.57, 221.10, 1, -1, -1, -1
331, 2, 453.41, 604.81, 141.73, 216.49, 1, -1, -1, -1
332, 2, 451.44, 612.67, 143.66, 214.00, 1, -1, -1, -1
333, 2, 443.64, 617.35, 145.42, 208.01, 1, -1, -1, -1
334, 2, 440.41, 625.31, 148.88, 207.02, 1, -1, -1, -1
335, 2, 434.06, 633.45, 148.36, 207.49, 1, -1, -1, -1
336, 2, 433.57, 641.66, 148.21, 205.35, 1, -1, -1, -1
337, 2, 425.75, 647.97, 148.60, 207.17, 1, -1, -1, -1
338, 2, 422.67, 654.65, 153.58, 209.90, 1, -1, -1, -1
339, 2, 418.54, 657.26, 160.44, 206.19, 1, -1, -1, -1
340, 2, 412.79, 663.64, 158.04, 208.33, 1, -1, -1, -1
341, 2, 408.46, 671.80, 165.91, 208.91, 1, -1, -1, -1
342, 2, 399.73, 673.81, 167.41, 206.27, 1, -1, -1, -1
343, 2, 393.93, 682.56, 164.68, 205.48, 1, -1, -1, -1
344, 2, 394.76, 689.40, 161.77, 205.90, 1, -1, -1, -1
345, 2, 386.27, 695.99, 163.90, 209.59, 1, -1, -1, -1
346, 2, 382.77, 701.73, 169.74, 213.69, 1, -1, -1, -1
347, 2, 377.18, 708.39, 165.74, 215.57, 1, -1, -1, -1
348, 2, 373.01, 709.29, 172.53, 214.75, 1, -1, -1, -1
349, 2, 364.97, 721.61, 173.96, 222.31, 1, -1, -1, -1
350, 2, 362.44, 730.07, 177.82, 222.78, 1, -1, -1, -1
351, 2, 355.11, 737.06, 177.85, 223.15, 1, -1, -1, -1
352, 2, 352.15, 746.87, 183.00, 219.01, 1, -1, -1, -1
353, 2, 347.35, 756.79, 191.63, 216.62, 1, -1, -1, -1
354, 2, 340.77, 765.60, 189.33, 214.93, 1, -1, -1, -1
355, 2, 333.33, 783.18, 188.69, 213.46, 1, -1, -1, -1
356, 2, 330.40, 782.13, 178.01, 217.37, 1, -1, -1, -1
357, 2, 333.37, 784.40, 173.22, 227.53, 1, -1, -1, -1
358, 2, 320.87, 796.73, 181.53, 237.16, 1, -1, -1, -1
359, 2, 312.39, 805.85, 182.68, 239.24, 1, -1, -1, -1
360, 2, 313.41, 811.94, 180.69, 244.69, 1, -1, -1, -1
361, 2, 305.12, 817.94, 181.50, 258.87, 1, -1, -1, -1
362, 2, 295.72, 826.27, 183.69, 279.98, 1, -1, -1, -1
363, 2, 283.60, 834.21, 191.28, 304.23, 1, -1, -1, -1
364, 2, 271.50, 845.45, 199.67, 314.40, 1, -1, -1, -1
365, 2, 265.80, 846.29, 210.74, 311.58, 1, -1, -1, -1
366, 2, 258.03, 861.04, 210.09, 301.05, 1, -1, -1, -1
367, 2, 250.64, 862.70, 209.85, 301.49, 1, -1, -1, -1
368, 2, 238.39, 877.74, 216.73, 310.80, 1, -1, -1, -1
369, 2, 221.38, 890.19, 235.52, 314.22, 1, -1, -1, -1
68, 3, 1242.60, -167.10, 147.71, 263.76, 1, -1, -1, -1
69, 3, 1240.52, -151.08, 135.68, 248.05, 1, -1, -1, -1
70, 3, 1244.67, -140.55, 124.01, 238.80, 1, -1, -1, -1
71, 3, 1236.63, -138.23, 127.07, 238.03, 1, -1, -1, -1
72, 3, 1238.17, -132.70, 122.91, 233.27, 1, -1, -1, -1
73, 3, 1230.05, -132.45, 124.99, 234.22, 1, -1, -1, -1
74, 3, 1232.20, -133.28, 117.70, 241.10, 1, -1, -1, -1
75, 3, 1224.15, -129.44, 119.64, 241.14, 1, -1, -1, -1
76, 3, 1225.75, -141.86, 115.22, 254.00, 1, -1, -1, -1
77, 3, 1211.58, -140.75, 128.36, 255.48, 1, -1, -1, -1
78, 3, 1202.93, -128.77, 128.82, 245.08, 1, -1, -1, -1
79, 3, 1196.85, -107.50, 124.80, 226.90, 1, -1, -1, -1
80, 3, 1190.35, -102.55, 123.41, 221.61, 1, -1, -1, -1
81, 3, 1183.04, -101.66, 121.53, 220.28, 1, -1, -1, -1
82, 3, 1176.30, -104.00, 119.46, 221.59, 1, -1, -1, -1
83, 3, 1177.40, -98.44, 113.57, 214.27, 1, -1, -1, -1
84, 3, 1170.73, -100.56, 113.60, 217.62, 1, -1, -1, -1
85, 3, 1171.11, -93.52, 110.59, 210.28, 1, -1, -1, -1
86, 3, 1163.20, -90.33, 113.84, 209.11, 1, -1, -1, -1
87, 3, 1163.39, -87.30, 110.42, 204.77, 1, -1, -1, -1
88, 3, 1156.50, -86.82, 109.90, 205.30, 1, -1, -1, -1
89, 3, 1148.73, -88.12, 109.91, 207.94, 1, -1, -1, -1
90, 3, 1151.82, -85.43, 101.83, 209.67, 1, -1, -1, -1
91, 3, 1144.12, -89.60, 102.81, 215.38, 1, -1, -1, -1
92, 3, 1133.29, -88.31, 108.60, 217.93, 1, -1, -1, -1
93, 3, 1126.03, -92.87, 107.30, 220.16, 1, -1, -1, -1
94, 3, 1115.36, -97.85, 114.27, 227.63, 1, -1, -1, -1
95, 3, 1113.12, -104.54, 115.27, 234.35, 1, -1, -1, -1
96, 3, 1103.34, -91.77, 119.42, 224.80, 1, -1, -1, -1
97, 3, 1096.32, -76.04, 120.26, 217.70, 1, -1, -1, -1
98, 3, 1086.99, -79.23, 122.99, 223.32, 1, -1, -1, -1
99, 3, 1085.39, -78.33, 122.79, 221.79, 1, -1, -1, -1
100, 3, 1079.86, -76.21, 120.18, 222.12, 1, -1, -1, -1
101, 3, 1080.13, -80.30, 117.54, 226.36, 1, -1, -1, -1
102, 3, 1073.16, -80.64, 118.60, 230.39, 1, -1, -1, -1
103, 3, 1073.47, -71.03, 114.86, 228.74, 1, -1, -1, -1
104, 3, 1068.08, -80.22, 111.88, 241.82, 1, -1, -1, -1
105, 3, 1066.41, -80.65, 112.50, 243.28, 1, -1, -1, -1
106, 3, 1059.77, -63.21, 111.72, 238.35, 1, -1, -1, -1
107, 3, 1050.83, -55.39, 113.62, 232.36, 1, -1, -1, -1
108, 3, 1042.32, -49.43, 115.41, 226.91, 1, -1, -1, -1
109, 3, 1032.19, -45.60, 120.39, 226.49, 1, -1, -1, -1
110, 3, 1023.01, -41.01, 122.23, 231.38, 1, -1, -1, -1
111, 3, 1011.92, -43.23, 128.83, 236.76, 1, -1, -1, -1
112, 3, 1003.14, -42.51, 129.77, 237.61, 1, -1, -1, -1
113, 3, 994.79, -39.42, 132.19, 237.92, 1, -1, -1, -1
114, 3, 993.00, -27.61, 131.92, 236.16, 1, -1, -1, -1
115, 3, 986.83, -26.29, 131.71, 237.03, 1, -1, -1, -1
116, 3, 987.28, -18.88, 128.08, 231.96, 1, -1, -1, -1
117, 3, 982.31, -13.57, 124.23, 237.25, 1, -1, -1, -1
118, 3, 982.49, -8.49, 122.64, 233.36, 1, -1, -1, -1
119, 3, 982.64, -2.21, 120.54, 228.34, 1, -1, -1, -1
120, 3, 976.82, 3.55, 118.74, 231.45, 1, -1, -1, -1
121, 3, 974.33, 9.27, 120.67, 235.13, 1, -1, -1, -1
122, 3, 967.25, 12.50, 121.16, 231.05, 1, -1, -1, -1
123, 3, 959.27, 19.98, 122.35, 230.28, 1, -1, -1, -1
124, 3, 950.22, 24.49, 124.56, 224.49, 1, -1, -1, -1
125, 3, 940.66, 31.77, 128.56, 223.54, 1, -1, -1, -1
126, 3, 936.12, 38.60, 134.11, 226.09, 1, -1, -1, -1
127, 3, 928.36, 47.48, 135.49, 224.86, 1, -1, -1, -1
128, 3, 920.48, 54.33, 136.42, 225.86, 1, -1, -1, -1
129, 3, 918.38, 57.77, 137.07, 222.42, 1, -1, -1, -1
130, 3, 912.74, 64.63, 133.98, 222.41, 1, -1, -1, -1
131, 3, 911.16, 71.78, 134.74, 223.53, 1, -1, -1, -1
132, 3, 905.12, 79.41, 132.65, 224.05, 1, -1, -1, -1
133, 3, 897.35, 86.12, 132.67, 225.17, 1, -1, -1, -1
134, 3, 890.96, 93.17, 130.42, 226.22, 1, -1, -1, -1
135, 3, 883.59, 101.39, 129.65, 226.72, 1, -1, -1, -1
136, 3, 882.98, 109.44, 128.64, 228.81, 1, -1, -1, -1
137, 3, 874.90, 117.59, 128.50, 229.60, 1, -1, -1, -1
138, 3, 859.15, 125.46, 131.32, 242.93, 1, -1, -1, -1
139, 3, 849.90, 133.75, 134.40, 243.12, 1, -1, -1, -1
140, 3, 838.07, 142.53, 140.37, 241.26, 1, -1, -1, -1
141, 3, 828.92, 150.62, 143.63, 241.86, 1, -1, -1, -1
142, 3, 820.51, 159.84, 144.73, 240.28, 1, -1, -1, -1
143, 3, 819.51, 170.22, 144.26, 236.48, 1, -1, -1, -1
144, 3, 810.54, 179.30, 146.60, 235.83, 1, -1, -1, -1
145, 3, 804.34, 188.81, 144.39, 233.44, 1, -1, -1, -1
146, 3, 805.06, 203.10, 140.09, 232.67, 1, -1, -1, -1
147, 3, 798.00, 213.02, 140.34, 230.94, 1, -1, -1, -1
148, 3, 799.57, 223.75, 135.18, 226.27, 1, -1, -1, -1
149, 3, 792.00, 232.39, 136.28, 226.19, 1, -1, -1, -1
150, 3, 782.78, 244.54, 139.63, 230.64, 1, -1, -1, -1
151, 3, 782.25, 255.62, 137.30, 225.56, 1, -1, -1, -1
152, 3, 773.98, 265.35, 139.05, 223.15, 1, -1, -1, -1
153, 3, 763.42, 275.98, 143.64, 230.63, 1, -1, -1, -1
154, 3, 755.15, 287.78, 143.46, 222.41, 1, -1, -1, -1
155, 3, 748.99, 298.21, 140.59, 221.57, 1, -1, -1, -1
156, 3, 736.88, 309.68, 147.84, 227.98, 1, -1, -1, -1
157, 3, 729.65, 318.77, 148.16, 228.37, 1, -1, -1, -1
158, 3, 717.52, 331.18, 154.83, 232.59, 1, -1, -1, -1
159, 3, 713.04, 342.50, 149.30, 228.12, 1, -1, -1, -1
160, 3, 704.90, 350.52, 149.80, 229.12, 1, -1, -1, -1
161, 3, 695.58, 362.55, 150.95, 233.57, 1, -1, -1, -1
162, 3, 680.55, 371.22, 150.70, 234.55, 1, -1, -1, -1
163, 3, 668.96, 384.15, 158.12, 239.50, 1, -1, -1, -1
164, 3, 668.05, 394.52, 157.89, 234.75, 1, -1, -1, -1
165, 3, 658.32, 405.73, 162.27, 245.64, 1, -1, -1, -1
166, 3, 648.71, 419.51, 165.12, 249.22, 1, -1, -1, -1
167, 3, 641.11, 428.69, 166.17, 261.61, 1, -1, -1, -1
168, 3, 633.96, 440.39, 164.33, 255.70, 1, -1, -1, -1
169, 3, 625.68, 454.24, 163.47, 258.81, 1, -1, -1, -1
170, 3, 617.77, 465.13, 163.14, 254.24, 1, -1, -1, -1
171, 3, 609.99, 480.83, 162.83, 254.04, 1, -1, -1, -1
172, 3, 603.00, 494.77, 161.11, 243.79, 1, -1, -1, -1
173, 3, 592.77, 507.88, 164.33, 247.50, 1, -1, -1, -1
174, 3, 585.44, 520.59, 164.95, 240.44, 1, -1, -1, -1
175, 3, 573.57, 533.70, 171.48, 245.74, 1, -1, -1, -1
176, 3, 565.91, 549.46, 169.51, 244.43, 1, -1, -1, -1
177, 3, 552.04, 560.83, 168.05, 239.08, 1, -1, -1, -1
178, 3, 540.78, 569.38, 173.28, 253.41, 1, -1, -1, -1
179, 3, 532.64, 581.62, 173.85, 260.58, 1, -1, -1, -1
180, 3, 520.67, 591.02, 180.95, 273.50, 1, -1, -1, -1
181, 3, 506.88, 603.89, 178.41, 264.50, 1, -1, -1, -1
182, 3, 498.48, 614.13, 179.09, 274.69, 1, -1, -1, -1
183, 3, 491.62, 628.49, 176.98, 261.05, 1, -1, -1, -1
184, 3, 489.39, 643.41, 179.76, 247.93, 1, -1, -1, -1
185, 3, 482.63, 659.04, 177.86, 234.56, 1, -1, -1, -1
186, 3, 471.45, 675.90, 183.62, 233.61, 1, -1, -1, -1
187, 3, 460.32, 682.67, 190.18, 237.17, 1, -1, -1, -1
188, 3, 444.57, 696.05, 190.47, 239.23, 1, -1, -1, -1
189, 3, 431.68, 710.44, 199.01, 244.62, 1, -1, -1, -1
190, 3, 416.05, 720.28, 198.84, 255.30, 1, -1, -1, -1
191, 3, 406.53, 726.88, 203.29, 260.13, 1, -1, -1, -1
192, 3, 397.58, 742.86, 203.12, 259.80, 1, -1, -1, -1
193, 3, 382.37, 753.62, 201.40, 268.85, 1, -1, -1, -1
194, 3, 369.58, 762.86, 196.44, 269.43, 1, -1, -1, -1
195, 3, 364.05, 775.85, 190.47, 276.80, 1, -1, -1, -1
196, 3, 353.36, 785.53, 196.03, 280.40, 1, -1, -1, -1
197, 3, 335.32, 795.58, 203.05, 291.81, 1, -1, -1, -1
198, 3, 327.73, 815.87, 200.82, 323.56, 1, -1, -1, -1
199, 3, 316.45, 828.40, 207.25, 311.99, 1, -1, -1, -1
200, 3, 303.98, 833.79, 216.64, 318.29, 1, -1, -1, -1
201, 3, 294.17, 849.26, 219.97, 316.25, 1, -1, -1, -1
202, 3, 281.03, 861.03, 230.75, 335.45, 1, -1, -1, -1
203, 3, 272.99, 876.78, 245.62, 332.21, 1, -1, -1, -1
204, 3, 250.76, 893.30, 259.51, 328.56, 1, -1, -1, -1
205, 3, 233.79, 909.70, 260.99, 322.66, 1, -1, -1, -1
206, 3, 213.81, 927.11, 253.36, 318.72, 1, -1, -1, -1
207, 3, 198.12, 941.51, 236.54, 341.32, 1, -1, -1, -1
208, 3, 186.42, 953.43, 228.76, 336.10, 1, -1, -1, -1
209, 3, 171.83, 958.17, 227.05, 349.09, 1, -1, -1, -1
210, 3, 162.25, 967.26, 227.41, 335.60, 1, -1, -1, -1
211, 3, 143.74, 985.35, 218.16, 341.09, 1, -1, -1, -1
212, 3, 132.62, 990.42, 209.04, 343.87, 1, -1, -1, -1
126, 4, 822.72, -151.33, 89.66, 202.77, 1, -1, -1, -1
127, 4, 819.51, -155.54, 97.34, 217.69, 1, -1, -1, -1
129, 5, 824.50, -111.02, 86.75, 176.18, 1, -1, -1, -1
130, 5, 824.24, -91.90, 87.97, 168.20, 1, -1, -1, -1
131, 5, 828.99, -60.91, 75.57, 138.59, 1, -1, -1, -1
132, 5, 831.51, -60.42, 71.67, 141.62, 1, -1, -1, -1
133, 5, 833.05, -53.65, 67.58, 137.44, 1, -1, -1, -1
134, 5, 833.79, -38.52, 66.00, 130.31, 1, -1, -1, -1
135, 5, 835.11, -33.79, 65.08, 129.71, 1, -1, -1, -1
136, 5, 836.68, -31.49, 61.40, 130.69, 1, -1, -1, -1
137, 5, 836.79, -26.86, 61.19, 138.05, 1, -1, -1, -1
138, 5, 835.91, -27.54, 61.94, 141.91, 1, -1, -1, -1
139, 5, 835.45, -19.59, 63.64, 144.45, 1, -1, -1, -1
140, 5, 836.89, -14.69, 61.84, 144.00, 1, -1, -1, -1
141, 5, 835.83, -6.82, 64.47, 147.68, 1, -1, -1, -1
142, 5, 836.59, 0.93, 63.93, 142.91, 1, -1, -1, -1
143, 5, 834.66, 5.37, 67.03, 149.40, 1, -1, -1, -1
144, 5, 834.52, 13.12, 67.40, 149.43, 1, -1, -1, -1
145, 5, 833.94, 19.58, 67.42, 150.69, 1, -1, -1, -1
146, 5, 833.10, 26.99, 69.19, 150.48, 1, -1, -1, -1
147, 5, 833.73, 32.63, 67.75, 146.12, 1, -1, -1, -1
148, 5, 832.57, 39.05, 69.22, 148.57, 1, -1, -1, -1
149, 5, 833.49, 47.53, 67.86, 147.21, 1, -1, -1, -1
150, 5, 833.43, 54.52, 66.82, 147.27, 1, -1, -1, -1
151, 5, 834.12, 63.57, 66.23, 145.57, 1, -1, -1, -1
152, 5, 833.54, 69.57, 66.70, 148.04, 1, -1, -1, -1
153, 5, 833.12, 76.86, 68.37, 148.88, 1, -1, -1, -1
154, 5, 833.02, 83.81, 67.79, 149.76, 1, -1, -1, -1
155, 5, 832.73, 92.14, 68.27, 149.59, 1, -1, -1, -1
156, 5, 833.17, 99.52, 67.58, 150.69, 1, -1, -1, -1
157, 5, 832.41, 107.74, 69.06, 150.41, 1, -1, -1, -1
158, 5, 832.96, 115.83, 67.45, 150.18, 1, -1, -1, -1
159, 5, 833.14, 124.44, 67.04, 148.44, 1, -1, -1, -1
160, 5, 833.94, 132.09, 65.93, 148.58, 1, -1, -1, -1
161, 5, 833.85, 140.95, 66.69, 146.37, 1, -1, -1, -1
162, 5, 835.62, 147.81, 64.30, 139.81, 1, -1, -1, -1
163, 5, 834.90, 155.51, 64.40, 139.69, 1, -1, -1, -1
164, 5, 834.30, 163.68, 65.58, 139.57, 1, -1, -1, -1
165, 5, 834.30, 172.59, 65.67, 138.59, 1, -1, -1, -1
166, 5, 833.43, 180.79, 68.48, 138.08, 1, -1, -1, -1
167, 5, 833.80, 189.20, 68.12, 137.08, 1, -1, -1, -1
168, 5, 832.78, 198.29, 70.48, 135.11, 1, -1, -1, -1
169, 5, 833.84, 206.41, 68.28, 135.03, 1, -1, -1, -1
170, 5, 833.98, 214.99, 67.66, 133.55, 1, -1, -1, -1
171, 5, 834.28, 222.06, 66.47, 135.04, 1, -1, -1, -1
172, 5, 834.24, 229.76, 67.16, 135.53, 1, -1, -1, -1
173, 5, 834.32, 237.84, 65.70, 135.35, 1, -1, -1, -1
174, 5, 834.89, 245.80, 64.38, 133.77, 1, -1, -1, -1
175, 5, 834.56, 253.31, 64.26, 134.20, 1, -1, -1, -1
176, 5, 835.08, 261.34, 64.73, 133.98, 1, -1, -1, -1
177, 5, 834.51, 269.28, 65.24, 133.66, 1, -1, -1, -1
178, 5, 834.16, 276.71, 65.68, 133.61, 1, -1, -1, -1
179, 5, 833.61, 283.99, 66.87, 134.39, 1, -1, -1, -1
180, 5, 833.68, 292.55, 67.92, 133.61, 1, -1, -1, -1
181, 5, 833.92, 299.53, 68.68, 134.35, 1, -1, -1, -1
182, 5, 833.64, 306.04, 69.39, 137.07, 1, -1, -1, -1
183, 5, 833.54, 311.86, 69.12, 142.09, 1, -1, -1, -1
184, 5, 831.45, 318.18, 72.59, 144.81, 1, -1, -1, -1
185, 5, 830.53, 322.95, 74.06, 139.72, 1, -1, -1, -1
186, 5, 830.38, 329.06, 73.81, 156.73, 1, -1, -1, -1
187, 5, 830.71, 335.55, 74.31, 161.70, 1, -1, -1, -1
188, 5, 829.47, 342.73, 76.31, 162.89, 1, -1, -1, -1
189, 5, 826.57, 347.18, 81.61, 170.19, 1, -1, -1, -1
190, 5, 825.34, 351.06, 83.14, 176.45, 1, -1, -1, -1
191, 5, 826.93, 353.49, 80.89, 173.75, 1, -1, -1, -1
192, 5, 825.09, 357.03, 84.99, 181.06, 1, -1, -1, -1
193, 5, 817.38, 364.73, 87.57, 181.44, 1, -1, -1, -1
194, 5, 815.54, 377.09, 88.85, 172.20, 1, -1, -1, -1
195, 5, 818.09, 386.40, 82.83, 157.97, 1, -1, -1, -1
196, 5, 814.79, 400.59, 88.71, 159.19, 1, -1, -1, -1
197, 5, 816.93, 411.30, 84.87, 153.03, 1, -1, -1, -1
198, 5, 817.76, 421.62, 82.78, 149.12, 1, -1, -1, -1
199, 5, 819.12, 430.84, 78.83, 146.12, 1, -1, -1, -1
200, 5, 819.29, 439.34, 78.26, 145.59, 1, -1, -1, -1
201, 5, 818.86, 447.34, 78.98, 145.49, 1, -1, -1, -1
202, 5, 818.29, 455.62, 79.88, 146.67, 1, -1, -1, -1
203, 5, 817.83, 461.56, 81.36, 148.24, 1, -1, -1, -1
204, 5, 817.39, 471.21, 81.77, 147.90, 1, -1, -1, -1
205, 5, 816.34, 479.46, 83.17, 146.64, 1, -1, -1, -1
206, 5, 814.56, 487.77, 85.61, 158.43, 1, -1, -1, -1
207, 5, 817.20, 495.27, 81.94, 147.18, 1, -1, -1, -1
208, 5, 818.16, 503.57, 80.16, 147.96, 1, -1, -1, -1
209, 5, 818.15, 510.80, 79.72, 146.85, 1, -1, -1, -1
210, 5, 818.02, 518.62, 80.51, 148.11, 1, -1, -1, -1
211, 5, 818.62, 524.94, 79.18, 149.19, 1, -1, -1, -1
212, 5, 817.08, 529.10, 81.11, 154.33, 1, -1, -1, -1
213, 5, 819.90, 536.29, 76.98, 145.57, 1, -1, -1, -1
214, 5, 817.48, 538.68, 82.03, 153.05, 1, -1, -1, -1
215, 5, 818.80, 543.03, 81.83, 147.97, 1, -1, -1, -1
216, 5, 818.39, 547.90, 81.20, 150.81, 1, -1, -1, -1
217, 5, 819.13, 551.87, 80.18, 145.22, 1, -1, -1, -1
218, 5, 819.02, 556.42, 81.99, 148.68, 1, -1, -1, -1
219, 5, 822.09, 560.29, 77.83, 145.10, 1, -1, -1, -1
220, 5, 821.77, 562.22, 80.37, 151.87, 1, -1, -1, -1
221, 5, 820.51, 564.99, 82.64, 149.13, 1, -1, -1, -1
222, 5, 824.57, 569.03, 82.09, 142.01, 1, -1, -1, -1
223, 5, 825.61, 571.94, 83.19, 139.07, 1, -1, -1, -1
224, 5, 826.03, 575.77, 84.37, 141.62, 1, -1, -1, -1
225, 5, 826.34, 578.15, 85.42, 138.29, 1, -1, -1, -1
226, 5, 825.36, 579.43, 87.93, 136.47, 1, -1, -1, -1
227, 5, 830.61, 581.88, 88.11, 133.01, 1, -1, -1, -1
228, 5, 831.12, 583.70, 92.02, 131.87, 1, -1, -1, -1
229, 5, 830.97, 585.86, 93.75, 135.73, 1, -1, -1, -1
230, 5, 833.94, 586.90, 96.29, 134.90, 1, -1, -1, -1
231, 5, 836.76, 588.48, 96.22, 133.58, 1, -1, -1, -1
232, 5, 846.09, 589.90, 90.43, 133.00, 1, -1, -1, -1
233, 5, 849.23, 589.89, 86.79, 133.77, 1, -1, -1, -1
234, 5, 857.91, 592.37, 80.38, 130.58, 1, -1, -1, -1
235, 5, 858.19, 594.04, 80.39, 135.09, 1, -1, -1, -1
236, 5, 859.25, 595.81, 80.00, 133.96, 1, -1, -1, -1
237, 5, 859.39, 596.48, 81.36, 134.85, 1, -1, -1, -1
238, 5, 859.44, 597.94, 81.94, 132.90, 1, -1, -1, -1
239, 5, 859.01, 598.47, 84.48, 133.85, 1, -1, -1, -1
240, 5, 857.02, 601.14, 86.06, 136.76, 1, -1, -1, -1
241, 5, 855.71, 601.03, 89.21, 137.30, 1, -1, -1, -1
242, 5, 854.80, 602.98, 92.33, 134.67, 1, -1, -1, -1
243, 5, 859.27, 603.93, 93.25, 133.60, 1, -1, -1, -1
244, 5, 861.92, 605.64, 92.56, 132.61, 1, -1, -1, -1
245, 5, 863.61, 605.64, 91.86, 133.60, 1, -1, -1, -1
246, 5, 870.53, 607.60, 87.59, 129.64, 1, -1, -1, -1
247, 5, 874.81, 607.81, 83.99, 129.88, 1, -1, -1, -1
248, 5, 874.71, 606.69, 85.85, 133.39, 1, -1, -1, -1
249, 5, 882.03, 607.49, 81.13, 132.15, 1, -1, -1, -1
250, 5, 883.60, 608.66, 79.19, 140.94, 1, -1, -1, -1
251, 5, 885.54, 608.12, 79.78, 147.09, 1, -1, -1, -1
252, 5, 890.69, 608.81, 77.76, 155.84, 1, -1, -1, -1
253, 5, 893.85, 608.66, 75.68, 157.36, 1, -1, -1, -1
254, 5, 895.35, 608.27, 77.11, 159.30, 1, -1, -1, -1
255, 5, 899.54, 609.41, 75.52, 157.21, 1, -1, -1, -1
256, 5, 900.68, 609.40, 76.09, 157.19, 1, -1, -1, -1
257, 5, 901.79, 610.11, 76.80, 155.55, 1, -1, -1, -1
258, 5, 901.02, 610.94, 79.53, 153.72, 1, -1, -1, -1
259, 5, 904.60, 612.61, 82.97, 149.62, 1, -1, -1, -1
260, 5, 905.46, 613.46, 84.41, 148.06, 1, -1, -1, -1
261, 5, 904.88, 614.63, 86.76, 146.47, 1, -1, -1, -1
262, 5, 904.10, 615.33, 87.79, 145.62, 1, -1, -1, -1
263, 5, 904.85, 616.69, 86.05, 144.19, 1, -1, -1, -1
264, 5, 901.56, 617.66, 91.66, 154.23, 1, -1, -1, -1
265, 5, 903.12, 617.89, 89.09, 155.85, 1, -1, -1, -1
266, 5, 904.91, 617.00, 85.25, 156.03, 1, -1, -1, -1
267, 5, 904.73, 615.73, 84.16, 157.70, 1, -1, -1, -1
268, 5, 905.12, 617.31, 82.62, 154.81, 1, -1, -1, -1
269, 5, 904.75, 618.19, 84.02, 153.63, 1, -1, -1, -1
270, 5, 903.30, 619.97, 86.77, 150.74, 1, -1, -1, -1
271, 5, 901.37, 621.13, 89.54, 149.31, 1, -1, -1, -1
272, 5, 899.61, 622.54, 91.80, 147.07, 1, -1, -1, -1
273, 5, 896.49, 623.14, 90.49, 146.34, 1, -1, -1, -1
274, 5, 895.75, 626.35, 87.16, 140.90, 1, -1, -1, -1
275, 5, 895.13, 625.94, 86.64, 141.63, 1, -1, -1, -1
276, 5, 890.42, 626.75, 85.84, 140.89, 1, -1, -1, -1
277, 5, 887.46, 628.84, 87.83, 146.31, 1, -1, -1, -1
278, 5, 880.50, 628.66, 89.78, 147.17, 1, -1, -1, -1
279, 5, 877.82, 627.29, 92.29, 150.40, 1, -1, -1, -1
280, 5, 871.87, 627.47, 91.28, 150.27, 1, -1, -1, -1
281, 5, 869.08, 627.40, 93.12, 151.09, 1, -1, -1, -1
282, 5, 863.70, 628.19, 91.60, 150.72, 1, -1, -1, -1
283, 5, 861.42, 628.03, 92.51, 151.63, 1, -1, -1, -1
284, 5, 854.59, 627.55, 92.37, 151.93, 1, -1, -1, -1
285, 5, 851.83, 628.12, 94.03, 151.82, 1, -1, -1, -1
286, 5, 844.34, 626.97, 96.86, 153.46, 1, -1, -1, -1
287, 5, 841.18, 628.10, 98.33, 151.67, 1, -1, -1, -1
288, 5, 833.82, 626.30, 101.17, 153.72, 1, -1, -1, -1
289, 5, 832.32, 628.62, 99.93, 149.54, 1, -1, -1, -1
290, 5, 827.25, 628.24, 99.63, 150.94, 1, -1, -1, -1
291, 5, 825.27, 628.73, 99.93, 149.29, 1, -1, -1, -1
292, 5, 818.21, 627.63, 100.32, 151.57, 1, -1, -1, -1
293, 5, 818.16, 630.45, 96.14, 147.25, 1, -1, -1, -1
294, 5, 812.68, 628.22, 96.01, 150.96, 1, -1, -1, -1
295, 5, 812.02, 628.33, 93.61, 150.49, 1, -1, -1, -1
296, 5, 806.26, 628.53, 92.77, 150.17, 1, -1, -1, -1
297, 5, 807.39, 630.99, 85.91, 146.31, 1, -1, -1, -1
298, 5, 803.30, 631.72, 82.87, 143.48, 1, -1, -1, -1
299, 5, 802.61, 630.51, 81.04, 146.94, 1, -1, -1, -1
300, 5, 794.61, 631.33, 84.80, 145.15, 1, -1, -1, -1
301, 5, 794.20, 632.99, 82.86, 142.15, 1, -1, -1, -1
302, 5, 787.02, 634.42, 85.93, 141.06, 1, -1, -1, -1
303, 5, 785.97, 634.15, 83.99, 141.56, 1, -1, -1, -1
304, 5, 782.14, 635.76, 87.90, 150.82, 1, -1, -1, -1
305, 5, 776.33, 635.80, 88.24, 149.99, 1, -1, -1, -1
306, 5, 773.93, 637.47, 88.60, 148.50, 1, -1, -1, -1
307, 5, 767.96, 637.85, 89.26, 148.28, 1, -1, -1, -1
308, 5, 760.41, 639.07, 89.49, 147.25, 1, -1, -1, -1
309, 5, 759.84, 639.76, 86.10, 145.22, 1, -1, -1, -1
310, 5, 753.52, 641.58, 87.73, 143.11, 1, -1, -1, -1
311, 5, 749.42, 644.84, 91.63, 148.91, 1, -1, -1, -1
312, 5, 742.88, 645.44, 92.27, 149.98, 1, -1, -1, -1
313, 5, 742.40, 647.91, 91.08, 145.08, 1, -1, -1, -1
314, 5, 733.63, 652.40, 94.40, 148.81, 1, -1, -1, -1
315, 5, 724.24, 656.42, 97.69, 143.95, 1, -1, -1, -1
316, 5, 720.85, 658.11, 100.88, 152.99, 1, -1, -1, -1
317, 5, 715.29, 660.92, 96.78, 148.42, 1, -1, -1, -1
318, 5, 707.46, 662.76, 98.19, 145.95, 1, -1, -1, -1
319, 5, 701.70, 667.19, 93.91, 140.02, 1, -1, -1, -1
320, 5, 693.55, 671.82, 93.73, 144.51, 1, -1, -1, -1
321, 5, 686.75, 676.47, 91.91, 149.59, 1, -1, -1, -1
322, 5, 679.07, 678.41, 91.82, 150.24, 1, -1, -1, -1
323, 5, 669.52, 682.58, 95.40, 156.52, 1, -1, -1, -1
324, 5, 659.39, 687.12, 99.11, 161.36, 1, -1, -1, -1
325, 5, 650.67, 690.38, 99.87, 157.00, 1, -1, -1, -1
326, 5, 647.08, 693.93, 104.56, 162.18, 1, -1, -1, -1
327, 5, 638.59, 698.51, 105.62, 156.82, 1, -1, -1, -1
328, 5, 629.13, 705.48, 110.53, 157.08, 1, -1, -1, -1
329, 5, 628.82, 710.87, 108.74, 148.40, 1, -1, -1, -1
330, 5, 622.10, 718.78, 108.21, 146.49, 1, -1, -1, -1
331, 5, 613.68, 725.57, 110.26, 148.77, 1, -1, -1, -1
332, 5, 605.51, 733.80, 108.09, 146.44, 1, -1, -1, -1
333, 5, 596.95, 741.50, 110.22, 148.50, 1, -1, -1, -1
334, 5, 591.59, 746.39, 105.05, 140.12, 1, -1, -1, -1
335, 5, 583.79, 752.59, 104.11, 141.89, 1, -1, -1, -1
336, 5, 575.89, 759.62, 104.13, 143.27, 1, -1, -1, -1
337, 5, 565.70, 764.33, 108.28, 149.16, 1, -1, -1, -1
338, 5, 561.31, 770.92, 101.67, 139.79, 1, -1, -1, -1
339, 5, 553.83, 779.14, 100.34, 137.20, 1, -1, -1, -1
185, 6, 1594.20, -149.98, 130.68, 276.45, 1, -1, -1, -1
194, 7, 791.84, -191.79, 105.03, 256.28, 1, -1, -1, -1
195, 7, 789.11, -198.86, 111.13, 265.33, 1, -1, -1, -1
196, 7, 799.49, -177.57, 105.72, 244.28, 1, -1, -1, -1
198, 8, 793.93, -166.53, 116.20, 248.23, 1, -1, -1, -1
199, 8, 795.50, -158.04, 113.39, 240.72, 1, -1, -1, -1
200, 8, 794.26, -158.95, 116.32, 242.73, 1, -1, -1, -1
201, 8, 794.74, -149.49, 114.86, 245.85, 1, -1, -1, -1
202, 8, 794.53, -155.12, 115.84, 252.36, 1, -1, -1, -1
203, 8, 797.59, -140.81, 110.20, 238.57, 1, -1, -1, -1
204, 8, 796.74, -140.37, 111.22, 238.61, 1, -1, -1, -1
205, 8, 798.54, -137.68, 108.05, 235.91, 1, -1, -1, -1
206, 8, 799.71, -132.44, 105.67, 230.70, 1, -1, -1, -1
207, 8, 799.08, -137.26, 105.70, 234.80, 1, -1, -1, -1
208, 8, 797.63, -147.14, 108.41, 243.94, 1, -1, -1, -1
209, 8, 797.84, -147.29, 106.24, 243.90, 1, -1, -1, -1
210, 8, 799.23, -144.03, 104.97, 241.30, 1, -1, -1, -1
211, 8, 799.41, -143.24, 103.58, 239.85, 1, -1, -1, -1
212, 8, 798.26, -150.32, 104.68, 246.29, 1, -1, -1, -1
213, 8, 799.82, -142.81, 102.39, 238.92, 1, -1, -1, -1
214, 8, 798.05, -144.17, 106.46, 239.23, 1, -1, -1, -1
215, 8, 797.30, -144.15, 107.89, 239.35, 1, -1, -1, -1
216, 8, 796.91, -139.80, 108.44, 235.68, 1, -1, -1, -1
217, 8, 799.40, -135.41, 105.31, 231.85, 1, -1, -1, -1
218, 8, 799.75, -133.61, 104.96, 230.46, 1, -1, -1, -1
219, 8, 801.99, -131.77, 100.98, 228.89, 1, -1, -1, -1
220, 8, 805.42, -123.81, 95.15, 222.31, 1, -1, -1, -1
221, 8, 806.76, -121.73, 92.55, 219.59, 1, -1, -1, -1
222, 8, 811.20, -128.58, 96.04, 224.88, 1, -1, -1, -1
223, 8, 813.29, -128.02, 93.30, 224.92, 1, -1, -1, -1
224, 8, 809.08, -154.36, 101.50, 239.95, 1, -1, -1, -1
225, 8, 810.35, -149.32, 100.01, 235.13, 1, -1, -1, -1
226, 8, 810.88, -156.53, 98.68, 238.84, 1, -1, -1, -1
227, 8, 813.05, -155.21, 94.09, 236.96, 1, -1, -1, -1
228, 8, 814.65, -166.25, 91.66, 245.92, 1, -1, -1, -1
229, 8, 816.20, -182.41, 101.10, 252.07, 1, -1, -1, -1
230, 8, 818.91, -182.30, 96.39, 250.36, 1, -1, -1, -1
231, 8, 821.37, -174.51, 93.48, 242.72, 1, -1, -1, -1
232, 8, 825.58, -167.24, 97.21, 236.23, 1, -1, -1, -1
233, 8, 827.23, -161.58, 94.95, 231.54, 1, -1, -1, -1
234, 8, 833.90, -161.89, 96.97, 232.01, 1, -1, -1, -1
235, 8, 835.37, -161.51, 97.30, 231.64, 1, -1, -1, -1
236, 8, 840.16, -162.59, 100.24, 232.56, 1, -1, -1, -1
237, 8, 843.46, -162.06, 97.26, 232.15, 1, -1, -1, -1
238, 8, 846.93, -166.52, 101.69, 235.06, 1, -1, -1, -1
239, 8, 845.96, -174.04, 103.60, 240.83, 1, -1, -1, -1
240, 8, 845.11, -169.99, 95.92, 235.71, 1, -1, -1, -1
241, 8, 846.60, -171.57, 102.22, 235.90, 1, -1, -1, -1
242, 8, 848.30, -161.35, 99.54, 227.06, 1, -1, -1, -1
243, 8, 849.30, -154.82, 98.68, 220.79, 1, -1, -1, -1
244, 8, 851.43, -152.11, 96.11, 216.19, 1, -1, -1, -1
359, 9, 450.81, 945.59, 130.90, 209.23, 1, -1, -1, -1
380, 10, 850.68, -192.05, 115.30, 272.71, 1, -1, -1, -1
381, 10, 839.96, -192.69, 121.64, 275.19, 1, -1, -1, -1
382, 10, 839.52, -177.23, 120.45, 273.84, 1, -1, -1, -1
383, 10, 836.42, -174.08, 126.82, 272.11, 1, -1, -1, -1
384, 10, 834.26, -150.76, 116.46, 251.71, 1, -1, -1, -1
385, 10, 833.90, -138.52, 115.25, 250.66, 1, -1, -1, -1
386, 10, 836.45, -124.28, 108.71, 239.32, 1, -1, -1, -1
387, 10, 830.95, -113.14, 108.55, 234.34, 1, -1, -1, -1
388, 10, 829.74, -95.86, 108.31, 228.88, 1, -1, -1, -1
389, 10, 828.95, -76.17, 107.55, 223.85, 1, -1, -1, -1
390, 10, 821.25, -69.17, 112.26, 234.41, 1, -1, -1, -1
391, 10, 818.47, -56.95, 115.45, 235.06, 1, -1, -1, -1
392, 10, 814.14, -49.94, 121.29, 243.38, 1, -1, -1, -1
393, 10, 807.41, -42.35, 121.76, 239.33, 1, -1, -1, -1
394, 10, 803.38, -22.85, 116.47, 233.59, 1, -1, -1, -1
395, 10, 801.94, -16.82, 116.93, 229.79, 1, -1, -1, -1
396, 10, 794.98, -7.10, 117.07, 232.73, 1, -1, -1, -1
397, 10, 794.14, -1.24, 116.10, 227.80, 1, -1, -1, -1
398, 10, 786.75, 5.00, 117.26, 232.66, 1, -1, -1, -1
399, 10, 787.20, 14.26, 112.61, 230.08, 1, -1, -1, -1
400, 10, 779.82, 22.22, 114.26, 231.03, 1, -1, -1, -1
401, 10, 779.90, 31.30, 109.00, 227.83, 1, -1, -1, -1
402, 10, 773.65, 39.71, 109.90, 227.01, 1, -1, -1, -1
403, 10, 766.32, 46.98, 109.46, 228.40, 1, -1, -1, -1
404, 10, 766.82, 59.37, 102.98, 219.86, 1, -1, -1, -1
405, 10, 760.60, 67.56, 103.55, 220.10, 1, -1, -1, -1
406, 10, 759.75, 82.44, 100.78, 220.21, 1, -1, -1, -1
407, 10, 752.19, 90.85, 103.95, 220.47, 1, -1, -1, -1
408, 10, 750.55, 103.96, 103.54, 222.55, 1, -1, -1, -1
409, 10, 744.68, 112.31, 104.89, 223.74, 1, -1, -1, -1
410, 10, 742.83, 121.91, 105.78, 220.75, 1, -1, -1, -1
411, 10, 733.47, 129.64, 110.45, 222.47, 1, -1, -1, -1
412, 10, 726.12, 143.87, 108.89, 223.84, 1, -1, -1, -1
413, 10, 724.27, 152.58, 109.21, 222.75, 1, -1, -1, -1
414, 10, 717.02, 160.28, 110.33, 224.19, 1, -1, -1, -1
415, 10, 717.15, 171.88, 106.51, 218.06, 1, -1, -1, -1
416, 10, 710.37, 179.99, 106.58, 217.75, 1, -1, -1, -1
417, 10, 702.61, 188.34, 107.59, 218.18, 1, -1, -1, -1
418, 10, 700.07, 203.42, 107.49, 218.05, 1, -1, -1, -1
419, 10, 692.98, 210.67, 111.59, 221.96, 1, -1, -1, -1
420, 10, 687.55, 221.03, 119.15, 231.77, 1, -1, -1, -1
421, 10, 684.17, 235.26, 124.02, 234.24, 1, -1, -1, -1
422, 10, 671.93, 243.28, 137.48, 235.96, 1, -1, -1, -1
423, 10, 670.55, 252.12, 137.69, 233.10, 1, -1, -1, -1
424, 10, 669.20, 262.39, 139.13, 228.73, 1, -1, -1, -1
425, 10, 661.18, 277.03, 141.36, 229.96, 1, -1, -1, -1
426, 10, 657.40, 284.93, 145.77, 228.45, 1, -1, -1, -1
427, 10, 650.97, 292.75, 146.56, 230.45, 1, -1, -1, -1
428, 10, 651.92, 301.58, 142.76, 227.73, 1, -1, -1, -1
429, 10, 644.46, 309.58, 142.56, 229.04, 1, -1, -1, -1
430, 10, 647.58, 317.40, 133.16, 226.96, 1, -1, -1, -1
431, 10, 642.00, 322.25, 131.23, 234.68, 1, -1, -1, -1
432, 10, 638.62, 328.19, 123.84, 238.70, 1, -1, -1, -1
433, 10, 642.59, 336.92, 113.72, 237.85, 1, -1, -1, -1
434, 10, 631.61, 337.10, 121.85, 237.58, 1, -1, -1, -1
435, 10, 633.05, 344.42, 116.73, 222.23, 1, -1, -1, -1
436, 10, 629.98, 352.43, 121.38, 222.23, 1, -1, -1, -1
437, 10, 624.30, 361.74, 119.79, 218.88, 1, -1, -1, -1
438, 10, 622.66, 369.53, 121.51, 219.45, 1, -1, -1, -1
439, 10, 621.13, 373.77, 123.21, 213.22, 1, -1, -1, -1
440, 10, 612.61, 380.08, 128.40, 215.78, 1, -1, -1, -1
441, 10, 610.46, 387.46, 130.02, 215.50, 1, -1, -1, -1
442, 10, 602.52, 391.07, 131.57, 211.24, 1, -1, -1, -1
443, 10, 600.46, 396.73, 133.62, 213.73, 1, -1, -1, -1
444, 10, 594.03, 403.49, 131.11, 214.98, 1, -1, -1, -1
445, 10, 593.22, 406.94, 130.98, 209.73, 1, -1, -1, -1
446, 10, 588.26, 413.43, 126.65, 210.73, 1, -1, -1, -1
447, 10, 582.86, 417.37, 122.74, 205.45, 1, -1, -1, -1
448, 10, 575.11, 421.70, 123.75, 213.95, 1, -1, -1, -1
449, 10, 566.63, 428.60, 124.73, 231.59, 1, -1, -1, -1
450, 10, 565.18, 435.69, 125.29, 232.99, 1, -1, -1, -1
451, 10, 561.64, 440.19, 131.37, 238.93, 1, -1, -1, -1
452, 10, 552.65, 448.44, 136.68, 239.15, 1, -1, -1, -1
453, 10, 550.23, 455.73, 140.45, 240.44, 1, -1, -1, -1
454, 10, 546.60, 462.66, 145.63, 242.26, 1, -1, -1, -1
455, 10, 537.75, 469.14, 150.55, 244.35, 1, -1, -1, -1
456, 10, 536.23, 473.44, 151.65, 237.88, 1, -1, -1, -1
457, 10, 535.23, 481.76, 151.16, 237.07, 1, -1, -1, -1
458, 10, 528.63, 489.91, 151.51, 236.60, 1, -1, -1, -1
459, 10, 522.22, 497.88, 148.81, 235.71, 1, -1, -1, -1
460, 10, 522.28, 501.48, 146.25, 229.72, 1, -1, -1, -1
461, 10, 516.51, 509.04, 142.13, 229.44, 1, -1, -1, -1
462, 10, 511.55, 517.97, 136.85, 227.65, 1, -1, -1, -1
463, 10, 505.81, 524.97, 132.61, 229.62, 1, -1, -1, -1
464, 10, 505.23, 528.98, 132.05, 223.17, 1, -1, -1, -1
465, 10, 498.30, 538.19, 132.59, 220.29, 1, -1, -1, -1
466, 10, 496.52, 549.21, 133.80, 214.21, 1, -1, -1, -1
467, 10, 490.78, 558.66, 131.08, 211.65, 1, -1, -1, -1
468, 10, 487.95, 565.63, 135.22, 214.44, 1, -1, -1, -1
469, 10, 476.55, 576.18, 142.95, 224.48, 1, -1, -1, -1
470, 10, 473.20, 585.17, 148.33, 222.46, 1, -1, -1, -1
471, 10, 464.46, 594.96, 151.25, 218.78, 1, -1, -1, -1
472, 10, 457.14, 606.20, 149.84, 212.88, 1, -1, -1, -1
473, 10, 447.16, 613.74, 154.69, 214.83, 1, -1, -1, -1
474, 10, 445.83, 623.59, 156.13, 211.01, 1, -1, -1, -1
475, 10, 437.22, 632.25, 157.59, 209.64, 1, -1, -1, -1
476, 10, 429.63, 642.39, 156.14, 205.91, 1, -1, -1, -1
477, 10, 420.66, 650.65, 158.51, 206.04, 1, -1, -1, -1
478, 10, 413.08, 659.57, 158.09, 203.71, 1, -1, -1, -1
479, 10, 402.01, 671.40, 162.86, 211.40, 1, -1, -1, -1
480, 10, 395.38, 682.31, 159.96, 220.77, 1, -1, -1, -1
481, 10, 386.35, 694.43, 163.03, 228.11, 1, -1, -1, -1
482, 10, 376.06, 707.45, 168.55, 234.00, 1, -1, -1, -1
483, 10, 373.47, 717.49, 173.60, 230.40, 1, -1, -1, -1
484, 10, 371.09, 730.26, 176.81, 236.05, 1, -1, -1, -1
485, 10, 361.94, 746.62, 179.64, 236.84, 1, -1, -1, -1
486, 10, 350.83, 760.23, 184.97, 241.09, 1, -1, -1, -1
487, 10, 343.85, 776.11, 184.12, 241.54, 1, -1, -1, -1
488, 10, 340.06, 786.23, 191.12, 238.41, 1, -1, -1, -1
489, 10, 332.87, 805.65, 189.84, 231.67, 1, -1, -1, -1
490, 10, 322.25, 822.99, 195.17, 230.80, 1, -1, -1, -1
491, 10, 307.49, 836.35, 194.06, 226.30, 1, -1, -1, -1
492, 10, 301.14, 852.37, 189.35, 240.72, 1, -1, -1, -1
493, 10, 287.10, 868.01, 187.14, 261.87, 1, -1, -1, -1
494, 10, 286.97, 884.26, 185.03, 274.30, 1, -1, -1, -1
495, 10, 273.15, 896.50, 197.34, 296.63, 1, -1, -1, -1
496, 10, 265.38, 922.07, 197.28, 299.21, 1, -1, -1, -1
497, 10, 260.86, 937.55, 205.92, 300.99, 1, -1, -1, -1
498, 10, 250.73, 953.67, 211.92, 293.72, 1, -1, -1, -1
499, 10, 229.03, 972.66, 222.93, 321.16, 1, -1, -1, -1
384, 11, 138.19, -98.61, 132.21, 199.48, 1, -1, -1, -1
385, 11, 137.47, -79.04, 132.75, 192.51, 1, -1, -1, -1
386, 11, 113.04, -101.10, 149.92, 214.91, 1, -1, -1, -1
387, 11, 123.54, -64.42, 129.49, 177.96, 1, -1, -1, -1
388, 11, 136.36, -53.95, 118.47, 169.59, 1, -1, -1, -1
389, 11, 122.94, -45.35, 129.86, 171.22, 1, -1, -1, -1
390, 11, 129.26, -39.08, 116.78, 164.61, 1, -1, -1, -1
391, 11, 129.57, -11.56, 116.05, 150.32, 1, -1, -1, -1
392, 11, 128.66, -14.03, 116.67, 153.41, 1, -1, -1, -1
393, 11, 118.73, -1.35, 123.59, 150.25, 1, -1, -1, -1
394, 11, 117.42, -5.96, 124.81, 159.29, 1, -1, -1, -1
395, 11, 118.03, -7.36, 123.23, 162.60, 1, -1, -1, -1
396, 11, 117.41, -20.67, 124.57, 179.05, 1, -1, -1, -1
397, 11, 118.62, -5.78, 121.52, 173.71, 1, -1, -1, -1
398, 11, 123.26, -15.01, 113.90, 187.65, 1, -1, -1, -1
399, 11, 123.23, -27.46, 113.34, 202.25, 1, -1, -1, -1
400, 11, 117.99, -34.76, 123.50, 224.75, 1, -1, -1, -1
401, 11, 119.65, -47.66, 120.32, 239.43, 1, -1, -1, -1
402, 11, 109.69, -63.67, 123.40, 253.22, 1, -1, -1, -1
397, 12, 1609.37, -176.55, 116.92, 259.44, 1, -1, -1, -1
398, 12, 1609.76, -179.66, 116.06, 263.36, 1, -1, -1, -1
414, 13, 1598.47, -158.72, 139.30, 284.84, 1, -1, -1, -1
415, 13, 1601.18, -146.78, 133.83, 273.50, 1, -1, -1, -1
416, 13, 1602.07, -142.17, 132.07, 267.87, 1, -1, -1, -1
447, 14, 1564.64, -151.26, 128.03, 251.31, 1, -1, -1, -1
448, 14, 1564.69, -159.36, 127.39, 259.80, 1, -1, -1, -1
449, 14, 1562.90, -173.91, 129.80, 273.56, 1, -1, -1, -1
450, 14, 1554.91, -180.79, 132.51, 280.31, 1, -1, -1, -1
451, 14, 1556.87, -176.03, 126.06, 272.60, 1, -1, -1, -1
452, 14, 1556.24, -170.10, 113.73, 253.74, 1, -1, -1, -1
453, 14, 1560.63, -146.30, 102.68, 230.07, 1, -1, -1, -1
454, 14, 1558.12, -153.23, 103.58, 235.38, 1, -1, -1, -1
455, 14, 1553.25, -162.78, 103.17, 242.71, 1, -1, -1, -1
456, 14, 1552.62, -168.41, 103.43, 246.09, 1, -1, -1, -1
457, 14, 1552.10, -176.30, 103.13, 245.52, 1, -1, -1, -1
458, 14, 1553.74, -188.24, 98.34, 256.25, 1, -1, -1, -1
459, 14, 1552.07, -186.21, 102.30, 253.64, 1, -1, -1, -1
460, 14, 1553.46, -184.64, 99.67, 252.57, 1, -1, -1, -1
461, 14, 1552.61, -176.49, 99.31, 244.16, 1, -1, -1, -1
462, 14, 1545.56, -170.39, 101.27, 238.23, 1, -1, -1, -1
463, 14, 1545.00, -169.34, 101.09, 236.58, 1, -1, -1, -1
464, 14, 1543.05, -172.00, 103.29, 238.42, 1, -1, -1, -1
465, 14, 1542.57, -171.75, 103.76, 238.70, 1, -1, -1, -1
466, 14, 1541.03, -177.51, 106.84, 243.91, 1, -1, -1, -1
467, 14, 1542.35, -173.57, 102.85, 241.16, 1, -1, -1, -1
468, 14, 1536.92, -172.72, 100.94, 240.96, 1, -1, -1, -1
469, 14, 1534.27, -172.73, 102.84, 240.73, 1, -1, -1, -1
470, 14, 1527.76, -171.35, 103.88, 239.66, 1, -1, -1, -1
471, 14, 1527.69, -168.90, 101.63, 234.83, 1, -1, -1, -1
472, 14, 1527.67, -182.85, 101.69, 247.04, 1, -1, -1, -1
473, 14, 1528.18, -188.28, 102.01, 251.28, 1, -1, -1, -1
498, 14, 1506.26, -179.72, 97.97, 240.62, 1, -1, -1, -1
499, 14, 1505.85, -178.96, 98.17, 242.34, 1, -1, -1, -1
500, 14, 1502.93, -179.12, 103.85, 245.42, 1, -1, -1, -1
501, 14, 1502.67, -173.72, 105.03, 242.07, 1, -1, -1, -1
502, 14, 1505.28, -156.95, 99.97, 234.64, 1, -1, -1, -1
503, 14, 1505.46, -155.46, 100.41, 235.58, 1, -1, -1, -1
504, 14, 1505.36, -157.21, 101.87, 240.48, 1, -1, -1, -1
505, 14, 1506.10, -147.55, 99.94, 231.90, 1, -1, -1, -1
506, 14, 1507.53, -143.47, 97.20, 228.42, 1, -1, -1, -1
507, 14, 1508.01, -145.16, 97.08, 230.42, 1, -1, -1, -1
508, 14, 1507.00, -157.18, 98.62, 241.18, 1, -1, -1, -1
509, 14, 1504.64, -169.04, 103.22, 250.89, 1, -1, -1, -1
510, 14, 1503.79, -175.26, 104.95, 255.98, 1, -1, -1, -1
511, 14, 1504.64, -162.57, 102.58, 243.39, 1, -1, -1, -1
512, 14, 1505.37, -159.79, 101.29, 241.51, 1, -1, -1, -1
513, 14, 1506.27, -151.10, 100.06, 235.89, 1, -1, -1, -1
514, 14, 1506.05, -151.92, 102.36, 245.07, 1, -1, -1, -1
515, 14, 1504.62, -143.74, 104.34, 238.69, 1, -1, -1, -1
516, 14, 1502.42, -138.80, 108.40, 236.93, 1, -1, -1, -1
517, 14, 1505.31, -138.25, 114.99, 246.42, 1, -1, -1, -1
518, 14, 1505.60, -131.83, 116.66, 243.29, 1, -1, -1, -1
519, 14, 1503.45, -129.38, 122.22, 243.99, 1, -1, -1, -1
520, 14, 1501.90, -118.48, 125.35, 243.93, 1, -1, -1, -1
521, 14, 1501.88, -111.31, 124.81, 238.23, 1, -1, -1, -1
522, 14, 1503.13, -102.76, 122.55, 231.76, 1, -1, -1, -1
523, 14, 1503.79, -103.23, 122.36, 234.31, 1, -1, -1, -1
524, 14, 1502.11, -110.51, 125.25, 242.03, 1, -1, -1, -1
525, 14, 1503.14, -110.17, 123.13, 241.59, 1, -1, -1, -1
526, 14, 1505.55, -105.39, 119.13, 245.89, 1, -1, -1, -1
527, 14, 1503.41, -106.09, 123.39, 248.12, 1, -1, -1, -1
528, 14, 1507.57, -113.93, 127.22, 256.43, 1, -1, -1, -1
529, 14, 1509.21, -113.97, 126.35, 257.46, 1, -1, -1, -1
530, 14, 1512.56, -127.57, 132.15, 269.99, 1, -1, -1, -1
531, 14, 1513.25, -137.83, 134.13, 284.37, 1, -1, -1, -1
532, 14, 1511.57, -151.27, 137.20, 298.21, 1, -1, -1, -1
533, 14, 1520.78, -147.16, 133.68, 304.09, 1, -1, -1, -1
534, 14, 1520.24, -147.03, 135.22, 308.41, 1, -1, -1, -1
535, 14, 1521.05, -139.40, 134.60, 313.07, 1, -1, -1, -1
536, 14, 1518.64, -140.58, 138.89, 318.09, 1, -1, -1, -1
537, 14, 1519.21, -124.59, 137.96, 315.88, 1, -1, -1, -1
538, 14, 1520.25, -109.98, 135.03, 305.18, 1, -1, -1, -1
539, 14, 1522.17, -99.11, 130.60, 293.91, 1, -1, -1, -1
540, 14, 1525.49, -72.48, 125.13, 279.75, 1, -1, -1, -1
541, 14, 1532.36, -62.03, 123.01, 268.13, 1, -1, -1, -1
542, 14, 1533.49, -57.91, 121.64, 265.32, 1, -1, -1, -1
543, 14, 1534.99, -54.07, 120.50, 260.93, 1, -1, -1, -1
544, 14, 1534.78, -55.29, 121.69, 262.64, 1, -1, -1, -1
545, 14, 1534.91, -46.64, 122.35, 265.54, 1, -1, -1, -1
546, 14, 1533.83, -50.15, 124.18, 268.84, 1, -1, -1, -1
547, 14, 1537.03, -50.45, 130.28, 269.86, 1, -1, -1, -1
548, 14, 1537.53, -48.48, 130.06, 269.68, 1, -1, -1, -1
549, 14, 1536.50, -31.04, 132.27, 265.65, 1, -1, -1, -1
550, 14, 1536.25, -20.93, 132.68, 256.64, 1, -1, -1, -1
551, 14, 1535.95, -9.18, 134.01, 247.45, 1, -1, -1, -1
552, 14, 1533.37, 0.63, 138.97, 250.05, 1, -1, -1, -1
553, 14, 1531.83, 11.29, 141.80, 249.63, 1, -1, -1, -1
554, 14, 1534.68, 20.83, 136.49, 246.29, 1, -1, -1, -1
555, 14, 1535.24, 23.85, 136.58, 243.38, 1, -1, -1, -1
556, 14, 1534.80, 30.14, 137.23, 245.73, 1, -1, -1, -1
557, 14, 1534.70, 36.67, 136.90, 246.57, 1, -1, -1, -1
558, 14, 1534.52, 44.00, 137.33, 246.68, 1, -1, -1, -1
559, 14, 1536.10, 47.93, 134.83, 241.97, 1, -1, -1, -1
560, 14, 1536.30, 53.32, 133.30, 242.86, 1, -1, -1, -1
561, 14, 1537.05, 55.11, 132.06, 240.78, 1, -1, -1, -1
562, 14, 1536.79, 57.07, 131.67, 238.76, 1, -1, -1, -1
563, 14, 1538.20, 59.67, 129.44, 235.24, 1, -1, -1, -1
564, 14, 1537.16, 63.14, 130.74, 239.39, 1, -1, -1, -1
565, 14, 1537.82, 63.61, 129.45, 239.09, 1, -1, -1, -1
566, 14, 1538.95, 63.98, 127.82, 238.96, 1, -1, -1, -1
567, 14, 1540.22, 66.18, 125.34, 235.45, 1, -1, -1, -1
568, 14, 1541.38, 66.05, 123.34, 235.47, 1, -1, -1, -1
569, 14, 1542.77, 67.59, 120.57, 232.51, 1, -1, -1, -1
570, 14, 1541.83, 65.74, 122.02, 236.06, 1, -1, -1, -1
571, 14, 1543.60, 67.63, 118.63, 232.79, 1, -1, -1, -1
572, 14, 1544.77, 69.19, 115.82, 229.29, 1, -1, -1, -1
573, 14, 1545.32, 70.75, 114.31, 226.68, 1, -1, -1, -1
574, 14, 1545.91, 70.71, 113.56, 226.39, 1, -1, -1, -1
575, 14, 1547.20, 73.36, 110.95, 221.02, 1, -1, -1, -1
576, 14, 1547.42, 72.30, 110.15, 222.63, 1, -1, -1, -1
577, 14, 1547.44, 71.55, 110.09, 223.68, 1, -1, -1, -1
578, 14, 1547.18, 69.03, 110.74, 228.54, 1, -1, -1, -1
579, 14, 1546.80, 69.14, 111.02, 227.66, 1, -1, -1, -1
580, 14, 1546.34, 65.29, 112.16, 234.55, 1, -1, -1, -1
581, 14, 1546.47, 60.62, 112.92, 229.09, 1, -1, -1, -1
526, 15, 445.03, -63.76, 123.49, 161.47, 1, -1, -1, -1
527, 15, 445.82, -59.15, 122.39, 159.43, 1, -1, -1, -1
528, 15, 443.38, -47.50, 126.31, 159.94, 1, -1, -1, -1
529, 15, 439.62, -15.82, 122.65, 141.63, 1, -1, -1, -1
530, 15, 438.05, -11.39, 124.26, 142.25, 1, -1, -1, -1
531, 15, 438.00, 1.44, 124.04, 138.70, 1, -1, -1, -1
532, 15, 436.57, 10.53, 123.63, 136.93, 1, -1, -1, -1
533, 15, 438.26, 11.01, 122.65, 139.82, 1, -1, -1, -1
534, 15, 434.04, 21.27, 118.68, 147.02, 1, -1, -1, -1
535, 15, 431.22, 30.39, 123.01, 146.43, 1, -1, -1, -1
536, 15, 429.45, 34.62, 125.54, 141.01, 1, -1, -1, -1
537, 15, 428.92, 41.82, 126.06, 143.18, 1, -1, -1, -1
538, 15, 428.16, 49.55, 125.78, 142.43, 1, -1, -1, -1
539, 15, 420.63, 61.37, 127.91, 147.18, 1, -1, -1, -1
540, 15, 421.34, 68.72, 125.41, 138.25, 1, -1, -1, -1
541, 15, 420.12, 80.80, 126.03, 140.76, 1, -1, -1, -1
542, 15, 419.62, 88.02, 126.39, 142.76, 1, -1, -1, -1
543, 15, 412.79, 94.00, 128.28, 147.53, 1, -1, -1, -1
544, 15, 412.53, 101.96, 127.09, 146.65, 1, -1, -1, -1
545, 15, 413.30, 107.13, 125.11, 141.01, 1, -1, -1, -1
546, 15, 410.92, 116.62, 128.08, 149.76, 1, -1, -1, -1
547, 15, 401.48, 124.28, 134.56, 152.61, 1, -1, -1, -1
548, 15, 400.78, 133.07, 134.31, 150.91, 1, -1, -1, -1
549, 15, 401.23, 141.80, 132.23, 149.63, 1, -1, -1, -1
550, 15, 392.80, 148.71, 136.14, 154.43, 1, -1, -1, -1
551, 15, 393.59, 157.27, 132.70, 151.12, 1, -1, -1, -1
552, 15, 393.56, 166.47, 131.84, 149.76, 1, -1, -1, -1
553, 15, 386.37, 179.36, 132.87, 154.19, 1, -1, -1, -1
554, 15, 385.57, 189.21, 131.92, 149.71, 1, -1, -1, -1
555, 15, 382.88, 197.35, 136.35, 150.51, 1, -1, -1, -1
556, 15, 383.51, 207.24, 134.54, 146.52, 1, -1, -1, -1
557, 15, 373.84, 215.41, 140.16, 148.90, 1, -1, -1, -1
558, 15, 373.88, 228.76, 137.44, 149.30, 1, -1, -1, -1
559, 15, 366.60, 235.56, 139.28, 153.20, 1, -1, -1, -1
560, 15, 366.68, 243.65, 138.47, 155.02, 1, -1, -1, -1
561, 15, 365.45, 249.77, 138.00, 154.32, 1, -1, -1, -1
562, 15, 358.95, 258.54, 138.86, 154.37, 1, -1, -1, -1
563, 15, 358.19, 265.93, 139.12, 155.23, 1, -1, -1, -1
564, 15, 358.14, 273.10, 137.81, 155.77, 1, -1, -1, -1
565, 15, 351.03, 275.56, 139.02, 155.17, 1, -1, -1, -1
566, 15, 349.21, 282.48, 140.75, 155.47, 1, -1, -1, -1
567, 15, 348.11, 285.55, 141.93, 152.05, 1, -1, -1, -1
568, 15, 340.18, 291.96, 145.65, 155.10, 1, -1, -1, -1
569, 15, 341.00, 298.48, 142.92, 155.11, 1, -1, -1, -1
570, 15, 342.87, 301.08, 138.93, 153.39, 1, -1, -1, -1
571, 15, 342.43, 306.71, 138.80, 153.74, 1, -1, -1, -1
572, 15, 340.43, 308.92, 141.07, 151.99, 1, -1, -1, -1
573, 15, 334.91, 314.59, 140.30, 154.96, 1, -1, -1, -1
574, 15, 333.71, 315.09, 141.83, 155.98, 1, -1, -1, -1
575, 15, 334.30, 316.67, 139.06, 152.52, 1, -1, -1, -1
576, 15, 335.36, 319.03, 137.72, 149.76, 1, -1, -1, -1
577, 15, 333.55, 323.66, 140.12, 151.42, 1, -1, -1, -1
578, 15, 332.99, 324.80, 140.95, 151.49, 1, -1, -1, -1
579, 15, 332.63, 325.04, 141.53, 152.50, 1, -1, -1, -1
580, 15, 331.24, 328.63, 143.86, 157.50, 1, -1, -1, -1
581, 15, 330.73, 328.87, 145.06, 157.24, 1, -1, -1, -1
539, 16, 935.34, -184.15, 105.02, 249.05, 1, -1, -1, -1
540, 16, 938.52, -163.73, 99.52, 230.72, 1, -1, -1, -1
541, 16, 936.37, -161.24, 103.93, 241.25, 1, -1, -1, -1
542, 16, 938.05, -160.19, 100.63, 240.96, 1, -1, -1, -1
543, 16, 939.10, -151.54, 98.86, 234.74, 1, -1, -1, -1
544, 16, 944.28, -152.29, 102.93, 247.20, 1, -1, -1, -1
545, 16, 943.37, -141.50, 105.19, 239.42, 1, -1, -1, -1
546, 16, 944.82, -132.57, 101.43, 232.36, 1, -1, -1, -1
547, 16, 943.90, -135.19, 104.54, 236.86, 1, -1, -1, -1
548, 16, 943.50, -134.19, 105.87, 235.62, 1, -1, -1, -1
549, 16, 942.89, -114.29, 106.74, 226.48, 1, -1, -1, -1
550, 16, 942.82, -111.32, 106.41, 224.14, 1, -1, -1, -1
551, 16, 943.52, -109.97, 105.62, 222.98, 1, -1, -1, -1
552, 16, 942.20, -107.29, 109.87, 222.58, 1, -1, -1, -1
553, 16, 951.14, -95.28, 102.83, 209.78, 1, -1, -1, -1
554, 16, 951.97, -89.32, 102.97, 205.19, 1, -1, -1, -1
555, 16, 953.55, -81.02, 100.70, 199.54, 1, -1, -1, -1
556, 16, 953.62, -68.81, 100.90, 197.75, 1, -1, -1, -1
557, 16, 955.03, -72.64, 100.17, 205.68, 1, -1, -1, -1
558, 16, 959.17, -61.65, 103.06, 206.56, 1, -1, -1, -1
559, 16, 959.58, -60.26, 104.00, 205.99, 1, -1, -1, -1
560, 16, 961.01, -59.78, 102.54, 206.13, 1, -1, -1, -1
561, 16, 963.18, -50.28, 99.12, 209.04, 1, -1, -1, -1
562, 16, 962.07, -50.85, 101.94, 211.78, 1, -1, -1, -1
563, 16, 959.95, -59.03, 106.89, 221.64, 1, -1, -1, -1
564, 16, 965.06, -58.16, 106.90, 220.72, 1, -1, -1, -1
565, 16, 964.48, -57.14, 108.89, 219.23, 1, -1, -1, -1
566, 16, 964.94, -47.57, 111.84, 224.31, 1, -1, -1, -1
567, 16, 965.78, -46.06, 113.13, 221.57, 1, -1, -1, -1
568, 16, 968.87, -56.26, 115.66, 233.46, 1, -1, -1, -1
569, 16, 969.68, -56.89, 116.15, 231.82, 1, -1, -1, -1
570, 16, 970.32, -58.00, 116.28, 231.93, 1, -1, -1, -1
571, 16, 973.29, -63.80, 112.09, 225.90, 1, -1, -1, -1
572, 16, 979.43, -58.68, 110.92, 220.33, 1, -1, -1, -1
573, 16, 981.89, -53.21, 108.93, 214.56, 1, -1, -1, -1
574, 16, 981.89, -53.60, 111.00, 216.10, 1, -1, -1, -1
575, 16, 982.21, -53.65, 110.66, 216.45, 1, -1, -1, -1
576, 16, 982.01, -54.39, 110.67, 218.46, 1, -1, -1, -1
577, 16, 981.95, -48.17, 111.40, 222.79, 1, -1, -1, -1
578, 16, 981.91, -48.96, 112.12, 223.78, 1, -1, -1, -1
579, 16, 984.20, -58.02, 116.78, 234.26, 1, -1, -1, -1
580, 16, 984.71, -59.11, 119.60, 235.45, 1, -1, -1, -1
581, 16, 985.29, -62.00, 119.62, 238.45, 1, -1, -1, -1
540, 17, 422.35, -46.62, 167.68, 177.84, 1, -1, -1, -1
541, 17, 411.94, -33.32, 173.16, 164.90, 1, -1, -1, -1
542, 17, 411.03, -33.00, 162.24, 165.54, 1, -1, -1, -1
543, 17, 412.71, -34.86, 158.20, 171.56, 1, -1, -1, -1
544, 17, 411.08, -23.67, 160.44, 169.99, 1, -1, -1, -1
545, 17, 407.36, -18.32, 166.37, 181.50, 1, -1, -1, -1
546, 17, 407.20, -12.17, 167.35, 178.03, 1, -1, -1, -1
547, 17, 401.46, -2.15, 165.55, 180.99, 1, -1, -1, -1
548, 17, 400.46, -0.18, 165.56, 180.20, 1, -1, -1, -1
549, 17, 393.93, 7.85, 163.48, 190.23, 1, -1, -1, -1
550, 17, 390.88, 13.27, 168.57, 195.34, 1, -1, -1, -1
551, 17, 387.17, 21.58, 162.61, 194.84, 1, -1, -1, -1
552, 17, 385.94, 26.76, 164.61, 188.13, 1, -1, -1, -1
553, 17, 383.93, 36.16, 166.76, 186.28, 1, -1, -1, -1
554, 17, 379.35, 46.03, 162.83, 193.85, 1, -1, -1, -1
555, 17, 377.95, 55.12, 164.00, 192.96, 1, -1, -1, -1
556, 17, 375.85, 61.98, 166.84, 195.26, 1, -1, -1, -1
557, 17, 367.57, 69.46, 170.64, 196.49, 1, -1, -1, -1
558, 17, 368.46, 79.19, 167.20, 193.49, 1, -1, -1, -1
559, 17, 365.13, 86.20, 173.04, 195.89, 1, -1, -1, -1
560, 17, 366.30, 93.93, 167.98, 194.05, 1, -1, -1, -1
561, 17, 357.84, 99.51, 173.21, 200.48, 1, -1, -1, -1
562, 17, 357.08, 106.08, 171.38, 201.24, 1, -1, -1, -1
563, 17, 351.30, 110.96, 171.57, 196.66, 1, -1, -1, -1
564, 17, 349.68, 115.58, 174.19, 198.71, 1, -1, -1, -1
565, 17, 349.35, 121.08, 173.94, 193.30, 1, -1, -1, -1
566, 17, 346.82, 126.68, 176.51, 196.22, 1, -1, -1, -1
567, 17, 342.83, 129.95, 172.54, 203.91, 1, -1, -1, -1
568, 17, 340.72, 135.31, 174.98, 207.60, 1, -1, -1, -1
569, 17, 340.91, 139.88, 173.23, 201.46, 1, -1, -1, -1
570, 17, 339.41, 143.68, 175.08, 195.84, 1, -1, -1, -1
571, 17, 339.40, 147.82, 175.77, 198.65, 1, -1, -1, -1
572, 17, 337.20, 149.38, 178.32, 197.60, 1, -1, -1, -1
573, 17, 331.06, 151.59, 179.33, 196.54, 1, -1, -1, -1
574, 17, 333.74, 154.08, 173.74, 202.02, 1, -1, -1, -1
575, 17, 332.86, 155.20, 174.25, 201.36, 1, -1, -1, -1
576, 17, 333.14, 156.75, 173.07, 198.88, 1, -1, -1, -1
577, 17, 330.63, 158.61, 177.21, 208.16, 1, -1, -1, -1
578, 17, 330.07, 159.90, 177.57, 207.57, 1, -1, -1, -1
579, 17, 329.98, 161.49, 177.18, 205.71, 1, -1, -1, -1
580, 17, 329.84, 162.79, 177.68, 203.76, 1, -1, -1, -1
581, 17, 329.93, 164.19, 177.21, 201.34, 1, -1, -1, -1
549, 18, 1203.12, -115.16, 114.72, 239.95, 1, -1, -1, -1
550, 18, 1213.29, -98.64, 107.11, 225.93, 1, -1, -1, -1
551, 18, 1213.75, -90.35, 105.70, 228.63, 1, -1, -1, -1
552, 18, 1216.00, -76.50, 102.40, 215.68, 1, -1, -1, -1
553, 18, 1216.67, -77.04, 103.22, 219.61, 1, -1, -1, -1
554, 18, 1216.36, -77.61, 104.43, 220.23, 1, -1, -1, -1
555, 18, 1215.87, -71.40, 106.28, 216.26, 1, -1, -1, -1
556, 18, 1217.13, -64.40, 104.09, 211.87, 1, -1, -1, -1
557, 18, 1224.07, -49.58, 102.65, 204.93, 1, -1, -1, -1
558, 18, 1224.63, -46.14, 102.00, 202.86, 1, -1, -1, -1
559, 18, 1225.52, -46.33, 102.98, 206.01, 1, -1, -1, -1
560, 18, 1233.39, -39.41, 98.33, 198.40, 1, -1, -1, -1
561, 18, 1235.31, -38.88, 96.37, 199.74, 1, -1, -1, -1
562, 18, 1236.53, -38.92, 96.52, 203.54, 1, -1, -1, -1
563, 18, 1241.76, -33.26, 96.57, 207.11, 1, -1, -1, -1
564, 18, 1241.31, -38.16, 99.24, 214.22, 1, -1, -1, -1
565, 18, 1240.99, -46.41, 102.90, 225.37, 1, -1, -1, -1
566, 18, 1242.31, -39.72, 100.91, 229.57, 1, -1, -1, -1
567, 18, 1245.30, -47.17, 105.01, 238.23, 1, -1, -1, -1
568, 18, 1246.32, -49.21, 105.59, 242.31, 1, -1, -1, -1
569, 18, 1246.34, -49.55, 107.50, 244.56, 1, -1, -1, -1
570, 18, 1244.67, -50.80, 110.57, 245.19, 1, -1, -1, -1
571, 18, 1243.50, -50.77, 111.20, 244.45, 1, -1, -1, -1
572, 18, 1242.99, -47.03, 111.79, 240.15, 1, -1, -1, -1
573, 18, 1241.34, -49.11, 115.04, 241.10, 1, -1, -1, -1
574, 18, 1240.47, -47.94, 116.69, 238.19, 1, -1, -1, -1
575, 18, 1239.07, -49.59, 121.42, 239.44, 1, -1, -1, -1
576, 18, 1239.76, -60.06, 120.65, 239.80, 1, -1, -1, -1
577, 18, 1240.48, -58.70, 119.53, 237.58, 1, -1, -1, -1
578, 18, 1240.98, -58.64, 119.67, 238.49, 1, -1, -1, -1
579, 18, 1242.10, -56.03, 117.15, 234.84, 1, -1, -1, -1
580, 18, 1243.79, -52.30, 115.14, 231.99, 1, -1, -1, -1
581, 18, 1250.80, -49.67, 110.51, 229.74, 1, -1, -1, -1
550, 19, 183.13, -139.18, 183.43, 223.68, 1, -1, -1, -1
551, 19, 192.25, -57.29, 151.41, 157.09, 1, -1, -1, -1
552, 19, 194.39, -49.89, 145.22, 150.82, 1, -1, -1, -1
553, 19, 193.51, -38.17, 145.81, 150.56, 1, -1, -1, -1
554, 19, 194.89, -36.93, 142.53, 151.61, 1, -1, -1, -1
555, 19, 184.17, -18.52, 151.72, 148.23, 1, -1, -1, -1
556, 19, 178.16, -7.06, 158.41, 148.40, 1, -1, -1, -1
557, 19, 171.73, -5.59, 159.62, 148.51, 1, -1, -1, -1
558, 19, 172.05, 2.44, 158.96, 152.91, 1, -1, -1, -1
559, 19, 165.30, 7.52, 168.58, 157.42, 1, -1, -1, -1
560, 19, 159.02, 16.03, 171.07, 159.47, 1, -1, -1, -1
561, 19, 156.60, 19.90, 170.46, 154.69, 1, -1, -1, -1
562, 19, 153.61, 28.71, 164.58, 153.66, 1, -1, -1, -1
563, 19, 153.08, 32.09, 164.35, 159.29, 1, -1, -1, -1
564, 19, 153.85, 35.98, 160.19, 155.46, 1, -1, -1, -1
565, 19, 143.04, 40.08, 171.29, 159.96, 1, -1, -1, -1
566, 19, 143.01, 43.34, 169.10, 157.00, 1, -1, -1, -1
567, 19, 134.21, 49.22, 172.93, 158.24, 1, -1, -1, -1
568, 19, 134.87, 51.76, 171.49, 156.41, 1, -1, -1, -1
569, 19, 133.77, 56.86, 171.70, 158.93, 1, -1, -1, -1
570, 19, 136.04, 57.81, 168.98, 157.94, 1, -1, -1, -1
571, 19, 134.03, 61.75, 171.34, 163.66, 1, -1, -1, -1
572, 19, 136.42, 62.35, 166.01, 164.19, 1, -1, -1, -1
573, 19, 136.51, 65.30, 164.17, 160.53, 1, -1, -1, -1
574, 19, 133.43, 69.94, 168.84, 163.23, 1, -1, -1, -1
575, 19, 129.22, 72.74, 167.40, 159.05, 1, -1, -1, -1
576, 19, 127.30, 71.44, 170.34, 162.32, 1, -1, -1, -1
577, 19, 127.36, 72.34, 168.50, 162.11, 1, -1, -1, -1
578, 19, 127.66, 74.93, 166.26, 158.64, 1, -1, -1, -1
579, 19, 123.98, 77.85, 171.27, 162.86, 1, -1, -1, -1
580, 19, 124.59, 79.00, 169.69, 161.63, 1, -1, -1, -1
581, 19, 122.28, 84.82, 164.25, 153.11, 1, -1, -1, -1
