1, 542, 519.00, 361.18, 190.35, 295.00, 1, -1, -1, -1
2, 542, 517.02, 357.15, 193.89, 300.57, 1, -1, -1, -1
3, 542, 517.14, 352.62, 193.90, 300.72, 1, -1, -1, -1
4, 542, 516.18, 347.77, 196.83, 305.69, 1, -1, -1, -1
5, 542, 516.98, 343.56, 195.99, 304.87, 1, -1, -1, -1
6, 542, 516.63, 339.11, 197.82, 308.85, 1, -1, -1, -1
7, 542, 516.77, 333.65, 198.20, 310.57, 1, -1, -1, -1
8, 542, 516.21, 329.17, 199.26, 313.64, 1, -1, -1, -1
9, 542, 516.71, 323.68, 198.96, 314.66, 1, -1, -1, -1
10, 542, 517.33, 317.82, 198.27, 314.73, 1, -1, -1, -1
11, 542, 519.18, 312.87, 194.50, 310.10, 1, -1, -1, -1
12, 542, 523.04, 306.12, 193.47, 308.75, 1, -1, -1, -1
13, 542, 525.98, 300.66, 190.55, 304.10, 1, -1, -1, -1
14, 542, 524.82, 296.00, 187.03, 298.92, 1, -1, -1, -1
15, 542, 525.57, 291.82, 183.09, 293.05, 1, -1, -1, -1
16, 542, 526.45, 286.67, 180.34, 288.79, 1, -1, -1, -1
17, 542, 527.15, 281.25, 178.69, 285.74, 1, -1, -1, -1
18, 542, 530.51, 278.32, 178.95, 285.41, 1, -1, -1, -1
19, 542, 530.78, 275.17, 180.89, 288.90, 1, -1, -1, -1
20, 542, 531.05, 270.58, 181.13, 289.71, 1, -1, -1, -1
21, 542, 529.69, 265.24, 184.65, 296.31, 1, -1, -1, -1
22, 542, 529.98, 260.36, 184.31, 296.68, 1, -1, -1, -1
23, 542, 528.70, 255.40, 187.03, 301.81, 1, -1, -1, -1
24, 542, 529.09, 251.65, 186.00, 301.49, 1, -1, -1, -1
25, 542, 529.10, 247.49, 186.70, 304.77, 1, -1, -1, -1
26, 542, 530.08, 242.64, 185.51, 305.32, 1, -1, -1, -1
27, 542, 530.63, 238.01, 185.55, 308.56, 1, -1, -1, -1
28, 542, 534.71, 232.44, 184.46, 309.07, 1, -1, -1, -1
29, 542, 537.47, 227.19, 182.21, 306.88, 1, -1, -1, -1
30, 542, 539.55, 221.45, 179.79, 304.04, 1, -1, -1, -1
31, 542, 541.57, 216.30, 176.94, 300.51, 1, -1, -1, -1
32, 542, 543.18, 210.23, 174.19, 297.39, 1, -1, -1, -1
33, 542, 545.04, 205.07, 171.09, 293.51, 1, -1, -1, -1
34, 542, 546.67, 199.97, 168.11, 289.60, 1, -1, -1, -1
35, 542, 548.58, 195.49, 164.63, 284.51, 1, -1, -1, -1
36, 542, 553.46, 191.66, 161.43, 279.53, 1, -1, -1, -1
37, 542, 554.91, 188.40, 161.75, 280.13, 1, -1, -1, -1
38, 542, 554.64, 184.80, 164.18, 284.42, 1, -1, -1, -1
39, 542, 554.85, 180.51, 164.71, 285.62, 1, -1, -1, -1
40, 542, 554.24, 177.31, 166.16, 288.54, 1, -1, -1, -1
41, 542, 553.51, 174.57, 168.22, 292.56, 1, -1, -1, -1
42, 542, 552.85, 172.01, 169.85, 296.37, 1, -1, -1, -1
43, 542, 553.78, 169.09, 168.29, 294.86, 1, -1, -1, -1
44, 542, 553.30, 165.38, 169.41, 298.14, 1, -1, -1, -1
45, 542, 552.78, 159.79, 170.50, 300.83, 1, -1, -1, -1
46, 542, 554.99, 154.55, 172.32, 305.87, 1, -1, -1, -1
47, 542, 553.07, 148.80, 172.39, 307.62, 1, -1, -1, -1
48, 542, 552.51, 143.61, 171.79, 307.29, 1, -1, -1, -1
49, 542, 555.44, 139.65, 171.66, 307.91, 1, -1, -1, -1
50, 542, 557.26, 136.73, 163.78, 294.78, 1, -1, -1, -1
51, 542, 558.71, 132.42, 159.22, 287.28, 1, -1, -1, -1
52, 542, 559.75, 127.14, 156.26, 282.75, 1, -1, -1, -1
53, 542, 559.67, 122.96, 156.25, 284.04, 1, -1, -1, -1
54, 542, 562.65, 119.94, 157.30, 287.05, 1, -1, -1, -1
55, 542, 564.73, 117.39, 155.78, 284.72, 1, -1, -1, -1
56, 542, 566.29, 116.04, 154.82, 283.94, 1, -1, -1, -1
57, 542, 567.34, 115.22, 153.87, 283.44, 1, -1, -1, -1
58, 542, 570.97, 113.99, 154.35, 285.27, 1, -1, -1, -1
59, 542, 571.60, 111.77, 156.03, 289.24, 1, -1, -1, -1
60, 542, 573.36, 110.48, 154.09, 286.23, 1, -1, -1, -1
61, 542, 574.76, 109.97, 153.01, 285.11, 1, -1, -1, -1
62, 542, 576.06, 109.55, 151.93, 284.91, 1, -1, -1, -1
63, 542, 579.42, 107.95, 152.69, 287.67, 1, -1, -1, -1
64, 542, 581.81, 107.46, 151.49, 287.18, 1, -1, -1, -1
65, 542, 584.47, 106.89, 147.54, 281.06, 1, -1, -1, -1
66, 542, 586.04, 105.40, 145.86, 278.89, 1, -1, -1, -1
67, 542, 587.28, 104.76, 144.38, 277.41, 1, -1, -1, -1
68, 542, 590.92, 101.14, 143.89, 277.29, 1, -1, -1, -1
69, 542, 593.22, 99.43, 142.96, 276.62, 1, -1, -1, -1
70, 542, 595.85, 97.95, 139.50, 270.46, 1, -1, -1, -1
71, 542, 597.24, 96.92, 138.33, 268.69, 1, -1, -1, -1
72, 542, 601.30, 96.78, 137.54, 267.21, 1, -1, -1, -1
73, 542, 602.75, 96.44, 137.83, 267.88, 1, -1, -1, -1
74, 542, 603.77, 96.21, 137.96, 268.50, 1, -1, -1, -1
75, 542, 604.67, 96.14, 137.53, 268.12, 1, -1, -1, -1
76, 542, 604.79, 94.82, 137.99, 269.93, 1, -1, -1, -1
77, 542, 607.03, 91.47, 140.20, 275.59, 1, -1, -1, -1
78, 542, 608.86, 88.73, 139.41, 274.92, 1, -1, -1, -1
79, 542, 608.76, 85.47, 140.46, 278.18, 1, -1, -1, -1
80, 542, 607.87, 81.43, 142.06, 282.69, 1, -1, -1, -1
81, 542, 607.93, 77.47, 141.68, 282.71, 1, -1, -1, -1
82, 542, 608.96, 74.28, 139.34, 277.98, 1, -1, -1, -1
83, 542, 606.01, 70.71, 138.85, 277.01, 1, -1, -1, -1
84, 542, 606.22, 67.46, 135.78, 271.14, 1, -1, -1, -1
85, 542, 606.53, 62.95, 133.92, 267.61, 1, -1, -1, -1
86, 542, 606.94, 58.42, 132.45, 264.45, 1, -1, -1, -1
87, 542, 606.87, 55.18, 132.37, 264.29, 1, -1, -1, -1
88, 542, 607.30, 52.57, 130.97, 261.18, 1, -1, -1, -1
88, 545, 1147.15, -52.08, 119.42, 183.00, 1, -1, -1, -1
89, 542, 607.05, 50.78, 130.92, 261.13, 1, -1, -1, -1
89, 545, 1146.70, -45.35, 117.19, 179.60, 1, -1, -1, -1
90, 542, 606.56, 49.25, 131.45, 262.02, 1, -1, -1, -1
91, 542, 605.61, 47.26, 133.01, 265.11, 1, -1, -1, -1
92, 542, 605.04, 46.00, 134.04, 267.32, 1, -1, -1, -1
93, 542, 604.42, 44.39, 134.93, 269.68, 1, -1, -1, -1
94, 542, 603.87, 43.14, 135.62, 272.07, 1, -1, -1, -1
95, 542, 603.49, 41.58, 136.65, 275.30, 1, -1, -1, -1
96, 542, 603.07, 40.07, 137.63, 278.58, 1, -1, -1, -1
97, 542, 604.47, 38.81, 135.06, 274.94, 1, -1, -1, -1
98, 542, 605.66, 37.85, 133.39, 272.90, 1, -1, -1, -1
99, 542, 605.93, 36.50, 133.00, 273.20, 1, -1, -1, -1
100, 542, 606.74, 34.30, 131.36, 270.54, 1, -1, -1, -1
101, 542, 607.13, 32.03, 131.03, 270.68, 1, -1, -1, -1
102, 542, 607.19, 29.77, 131.58, 272.54, 1, -1, -1, -1
103, 542, 608.29, 27.46, 129.52, 268.61, 1, -1, -1, -1
104, 542, 608.38, 25.64, 129.44, 268.64, 1, -1, -1, -1
104, 545, 1055.75, -51.34, 141.98, 223.65, 1, -1, -1, -1
105, 542, 608.18, 24.48, 129.87, 269.63, 1, -1, -1, -1
106, 542, 607.99, 23.98, 130.21, 270.27, 1, -1, -1, -1
107, 542, 607.91, 23.82, 130.51, 271.02, 1, -1, -1, -1
108, 542, 607.47, 23.30, 131.49, 273.19, 1, -1, -1, -1
109, 542, 607.24, 23.42, 131.67, 273.96, 1, -1, -1, -1
110, 542, 606.26, 24.96, 133.52, 278.13, 1, -1, -1, -1
110, 546, 1011.06, -56.18, 135.89, 248.39, 1, -1, -1, -1
111, 542, 605.53, 25.79, 134.77, 280.88, 1, -1, -1, -1
111, 546, 1010.24, -48.86, 133.76, 244.17, 1, -1, -1, -1
112, 542, 604.97, 26.54, 135.23, 282.00, 1, -1, -1, -1
112, 546, 1004.44, -46.28, 133.65, 243.32, 1, -1, -1, -1
113, 542, 603.35, 27.68, 137.18, 286.56, 1, -1, -1, -1
113, 546, 1003.63, -37.77, 131.11, 237.60, 1, -1, -1, -1
114, 542, 602.55, 28.39, 137.49, 287.84, 1, -1, -1, -1
114, 546, 997.92, -31.23, 131.74, 237.52, 1, -1, -1, -1
115, 542, 600.52, 28.63, 134.80, 282.28, 1, -1, -1, -1
115, 546, 990.95, -25.11, 132.90, 238.56, 1, -1, -1, -1
116, 542, 599.32, 28.71, 133.92, 280.07, 1, -1, -1, -1
116, 546, 988.56, -17.15, 132.15, 236.50, 1, -1, -1, -1
117, 542, 598.89, 29.16, 133.12, 278.04, 1, -1, -1, -1
117, 546, 983.83, -13.39, 131.14, 235.00, 1, -1, -1, -1
118, 542, 598.58, 28.77, 133.13, 277.41, 1, -1, -1, -1
118, 546, 982.16, -7.32, 130.22, 233.72, 1, -1, -1, -1
119, 542, 598.69, 29.25, 132.62, 275.49, 1, -1, -1, -1
119, 546, 977.12, -2.01, 130.75, 235.58, 1, -1, -1, -1
120, 542, 598.46, 30.70, 131.96, 273.32, 1, -1, -1, -1
120, 546, 975.56, 2.03, 129.67, 234.68, 1, -1, -1, -1
121, 542, 598.77, 32.07, 131.38, 271.31, 1, -1, -1, -1
121, 546, 970.53, 7.04, 129.70, 235.20, 1, -1, -1, -1
122, 542, 598.17, 34.34, 132.90, 273.77, 1, -1, -1, -1
122, 546, 963.71, 12.34, 130.69, 237.01, 1, -1, -1, -1
123, 542, 598.11, 36.28, 132.95, 273.19, 1, -1, -1, -1
123, 546, 957.02, 19.39, 130.08, 235.05, 1, -1, -1, -1
124, 542, 598.36, 39.17, 132.10, 270.60, 1, -1, -1, -1
124, 546, 949.99, 24.23, 129.30, 232.97, 1, -1, -1, -1
125, 542, 597.18, 41.28, 134.32, 274.44, 1, -1, -1, -1
125, 546, 942.02, 29.90, 130.18, 232.83, 1, -1, -1, -1
126, 542, 597.28, 44.31, 133.94, 273.33, 1, -1, -1, -1
126, 546, 934.20, 37.03, 131.32, 232.08, 1, -1, -1, -1
127, 542, 596.28, 46.48, 135.94, 277.58, 1, -1, -1, -1
127, 546, 926.43, 43.07, 132.92, 233.48, 1, -1, -1, -1
128, 542, 597.36, 50.11, 134.37, 274.85, 1, -1, -1, -1
128, 546, 923.42, 50.54, 133.54, 232.71, 1, -1, -1, -1
129, 542, 598.49, 53.58, 132.40, 271.46, 1, -1, -1, -1
129, 546, 917.03, 55.97, 135.57, 235.03, 1, -1, -1, -1
130, 542, 598.18, 56.11, 133.46, 274.56, 1, -1, -1, -1
130, 546, 914.55, 63.02, 136.25, 234.68, 1, -1, -1, -1
130, 547, 276.53, -60.25, 151.37, 258.27, 1, -1, -1, -1
131, 542, 599.15, 59.53, 131.92, 272.39, 1, -1, -1, -1
131, 546, 909.24, 69.50, 136.81, 234.93, 1, -1, -1, -1
132, 542, 600.49, 62.71, 129.60, 268.69, 1, -1, -1, -1
132, 546, 902.43, 75.63, 138.07, 236.74, 1, -1, -1, -1
133, 542, 600.28, 65.67, 129.75, 270.58, 1, -1, -1, -1
133, 546, 895.23, 82.32, 138.90, 238.01, 1, -1, -1, -1
133, 547, 291.51, -38.97, 147.86, 251.99, 1, -1, -1, -1
134, 542, 600.89, 67.44, 128.57, 269.43, 1, -1, -1, -1
134, 546, 892.28, 90.12, 138.39, 236.86, 1, -1, -1, -1
135, 542, 601.44, 68.63, 127.42, 268.23, 1, -1, -1, -1
135, 546, 884.86, 98.33, 142.06, 244.00, 1, -1, -1, -1
135, 547, 291.47, -40.76, 153.41, 261.36, 1, -1, -1, -1
136, 542, 602.42, 70.37, 125.80, 265.51, 1, -1, -1, -1
136, 546, 876.86, 105.18, 144.93, 248.29, 1, -1, -1, -1
136, 547, 302.38, -33.14, 150.30, 255.00, 1, -1, -1, -1
137, 542, 603.46, 72.79, 124.23, 262.65, 1, -1, -1, -1
137, 546, 869.43, 112.88, 145.41, 248.26, 1, -1, -1, -1
137, 547, 307.65, -28.59, 147.65, 249.94, 1, -1, -1, -1
138, 542, 603.18, 75.37, 124.99, 265.05, 1, -1, -1, -1
138, 546, 858.72, 121.68, 144.54, 247.07, 1, -1, -1, -1
138, 547, 313.96, -25.21, 145.96, 245.61, 1, -1, -1, -1
138, 548, 834.66, -16.17, 70.17, 136.98, 1, -1, -1, -1
139, 542, 603.55, 80.55, 124.92, 265.54, 1, -1, -1, -1
139, 546, 850.33, 130.54, 143.41, 244.48, 1, -1, -1, -1
139, 547, 316.43, -19.98, 145.55, 243.86, 1, -1, -1, -1
139, 548, 832.70, -14.59, 73.74, 144.25, 1, -1, -1, -1
140, 542, 606.71, 83.84, 124.93, 265.84, 1, -1, -1, -1
140, 546, 840.61, 138.99, 147.48, 249.34, 1, -1, -1, -1
140, 547, 321.30, -17.41, 146.28, 243.51, 1, -1, -1, -1
140, 548, 831.92, -12.61, 75.05, 147.25, 1, -1, -1, -1
141, 542, 607.46, 87.96, 125.99, 268.07, 1, -1, -1, -1
141, 546, 833.05, 148.25, 147.60, 247.91, 1, -1, -1, -1
141, 547, 321.44, -11.28, 150.14, 249.22, 1, -1, -1, -1
141, 548, 832.12, -6.80, 74.50, 146.82, 1, -1, -1, -1
142, 542, 604.03, 92.00, 127.58, 271.64, 1, -1, -1, -1
142, 546, 826.66, 159.55, 145.64, 241.94, 1, -1, -1, -1
142, 547, 326.25, -7.84, 150.60, 248.89, 1, -1, -1, -1
142, 548, 829.38, -1.71, 75.51, 149.61, 1, -1, -1, -1
143, 542, 602.88, 96.09, 127.50, 271.57, 1, -1, -1, -1
143, 546, 819.31, 168.80, 145.86, 239.66, 1, -1, -1, -1
143, 547, 329.05, -4.06, 149.14, 246.32, 1, -1, -1, -1
143, 548, 830.94, 4.76, 75.05, 149.70, 1, -1, -1, -1
144, 542, 602.45, 101.40, 127.50, 271.92, 1, -1, -1, -1
144, 546, 812.41, 180.47, 146.66, 239.14, 1, -1, -1, -1
144, 547, 328.79, -0.34, 150.89, 248.36, 1, -1, -1, -1
144, 548, 829.25, 10.43, 75.31, 151.49, 1, -1, -1, -1
145, 542, 601.90, 105.85, 128.44, 274.15, 1, -1, -1, -1
145, 546, 806.15, 191.37, 145.00, 235.85, 1, -1, -1, -1
145, 547, 332.59, 4.50, 152.38, 249.42, 1, -1, -1, -1
145, 548, 828.97, 17.39, 74.88, 151.66, 1, -1, -1, -1
146, 542, 602.84, 111.26, 126.30, 269.05, 1, -1, -1, -1
146, 546, 799.57, 202.88, 144.51, 235.71, 1, -1, -1, -1
146, 547, 334.93, 8.85, 151.22, 247.64, 1, -1, -1, -1
146, 548, 829.63, 23.34, 73.20, 149.21, 1, -1, -1, -1
147, 542, 604.16, 115.77, 123.94, 263.36, 1, -1, -1, -1
147, 546, 796.68, 212.72, 144.06, 234.67, 1, -1, -1, -1
147, 547, 335.56, 14.06, 151.23, 248.50, 1, -1, -1, -1
147, 548, 829.97, 30.32, 72.34, 147.94, 1, -1, -1, -1
148, 542, 607.37, 121.00, 123.72, 262.48, 1, -1, -1, -1
148, 546, 792.86, 225.90, 141.74, 232.06, 1, -1, -1, -1
148, 547, 336.24, 20.67, 150.18, 248.35, 1, -1, -1, -1
148, 548, 830.47, 37.90, 71.10, 145.99, 1, -1, -1, -1
149, 542, 607.74, 124.00, 126.12, 266.79, 1, -1, -1, -1
149, 546, 790.91, 234.35, 141.98, 233.78, 1, -1, -1, -1
149, 547, 340.76, 26.66, 149.19, 248.51, 1, -1, -1, -1
149, 548, 830.27, 44.85, 71.27, 146.35, 1, -1, -1, -1
150, 542, 608.98, 128.55, 124.80, 262.52, 1, -1, -1, -1
150, 546, 791.06, 244.33, 139.61, 230.99, 1, -1, -1, -1
150, 547, 343.70, 31.87, 146.19, 245.65, 1, -1, -1, -1
150, 548, 829.98, 52.12, 71.23, 146.21, 1, -1, -1, -1
151, 542, 609.27, 133.20, 125.80, 263.01, 1, -1, -1, -1
151, 546, 784.86, 253.13, 142.18, 235.67, 1, -1, -1, -1
151, 547, 343.82, 38.48, 147.15, 250.21, 1, -1, -1, -1
151, 548, 829.19, 59.94, 73.04, 150.25, 1, -1, -1, -1
152, 542, 609.07, 138.33, 127.80, 265.61, 1, -1, -1, -1
152, 546, 779.95, 263.68, 140.30, 233.26, 1, -1, -1, -1
152, 547, 345.20, 43.90, 144.74, 249.12, 1, -1, -1, -1
152, 548, 829.60, 67.36, 71.72, 147.00, 1, -1, -1, -1
153, 542, 612.65, 145.26, 129.06, 265.56, 1, -1, -1, -1
153, 546, 769.59, 273.33, 139.00, 230.47, 1, -1, -1, -1
153, 547, 346.42, 49.03, 142.89, 248.85, 1, -1, -1, -1
153, 548, 829.09, 75.77, 72.63, 148.49, 1, -1, -1, -1
154, 542, 614.17, 151.61, 130.73, 266.74, 1, -1, -1, -1
154, 546, 759.82, 283.99, 140.75, 231.46, 1, -1, -1, -1
154, 547, 350.91, 54.38, 142.31, 250.32, 1, -1, -1, -1
154, 548, 828.74, 83.49, 72.85, 148.74, 1, -1, -1, -1
155, 542, 619.50, 158.46, 129.86, 261.83, 1, -1, -1, -1
155, 546, 746.68, 294.45, 141.65, 230.19, 1, -1, -1, -1
155, 547, 353.17, 59.99, 141.99, 252.12, 1, -1, -1, -1
155, 548, 828.53, 90.99, 73.32, 149.46, 1, -1, -1, -1
156, 542, 619.79, 164.75, 133.93, 267.73, 1, -1, -1, -1
156, 546, 739.55, 304.02, 146.28, 234.63, 1, -1, -1, -1
156, 547, 359.10, 66.16, 139.65, 248.84, 1, -1, -1, -1
156, 548, 828.52, 98.56, 73.05, 148.73, 1, -1, -1, -1
157, 542, 624.46, 174.40, 134.02, 265.71, 1, -1, -1, -1
157, 546, 732.70, 317.57, 147.62, 233.57, 1, -1, -1, -1
157, 547, 365.01, 73.54, 140.62, 250.95, 1, -1, -1, -1
157, 548, 828.33, 105.75, 73.37, 149.17, 1, -1, -1, -1
158, 542, 625.96, 183.04, 134.44, 265.04, 1, -1, -1, -1
158, 546, 721.42, 328.31, 147.74, 232.32, 1, -1, -1, -1
158, 547, 371.03, 79.98, 142.60, 254.11, 1, -1, -1, -1
158, 548, 828.07, 113.56, 73.25, 148.48, 1, -1, -1, -1
159, 542, 625.08, 191.54, 137.46, 270.43, 1, -1, -1, -1
159, 546, 717.27, 340.93, 147.97, 231.17, 1, -1, -1, -1
159, 547, 372.54, 85.87, 145.37, 258.02, 1, -1, -1, -1
159, 548, 828.31, 121.38, 73.26, 147.75, 1, -1, -1, -1
160, 542, 625.59, 201.12, 136.87, 270.20, 1, -1, -1, -1
160, 546, 711.36, 350.94, 148.47, 230.05, 1, -1, -1, -1
160, 547, 373.38, 93.10, 145.89, 258.91, 1, -1, -1, -1
160, 548, 828.62, 129.47, 72.77, 145.87, 1, -1, -1, -1
161, 542, 630.00, 209.33, 137.15, 270.67, 1, -1, -1, -1
161, 546, 701.08, 357.14, 156.10, 240.81, 1, -1, -1, -1
161, 547, 378.12, 100.24, 145.81, 258.49, 1, -1, -1, -1
161, 548, 828.88, 137.42, 72.61, 144.96, 1, -1, -1, -1
162, 542, 639.27, 217.75, 140.94, 276.01, 1, -1, -1, -1
162, 546, 691.78, 370.67, 151.49, 233.54, 1, -1, -1, -1
162, 547, 380.67, 105.16, 144.70, 256.74, 1, -1, -1, -1
162, 548, 829.02, 146.05, 71.98, 143.21, 1, -1, -1, -1
163, 542, 646.83, 225.57, 143.36, 278.00, 1, -1, -1, -1
163, 546, 683.88, 383.81, 149.99, 230.74, 1, -1, -1, -1
163, 547, 384.84, 110.19, 145.97, 258.74, 1, -1, -1, -1
163, 548, 829.48, 154.55, 71.39, 141.49, 1, -1, -1, -1
164, 542, 649.51, 233.52, 144.46, 277.92, 1, -1, -1, -1
164, 546, 676.16, 394.36, 149.08, 229.28, 1, -1, -1, -1
164, 547, 385.40, 114.53, 148.36, 263.51, 1, -1, -1, -1
164, 548, 829.72, 162.32, 71.27, 140.60, 1, -1, -1, -1
165, 542, 652.49, 240.12, 141.86, 270.64, 1, -1, -1, -1
165, 546, 668.71, 409.40, 150.49, 232.14, 1, -1, -1, -1
165, 547, 385.52, 120.06, 149.19, 266.20, 1, -1, -1, -1
165, 548, 829.45, 171.86, 71.73, 140.88, 1, -1, -1, -1
166, 542, 658.78, 248.54, 139.12, 262.98, 1, -1, -1, -1
166, 546, 659.07, 420.82, 155.03, 240.43, 1, -1, -1, -1
166, 547, 385.40, 125.10, 149.91, 269.05, 1, -1, -1, -1
166, 548, 829.13, 180.47, 72.29, 141.59, 1, -1, -1, -1
167, 542, 665.50, 257.18, 137.55, 257.98, 1, -1, -1, -1
167, 546, 650.35, 431.68, 157.95, 247.14, 1, -1, -1, -1
167, 547, 385.29, 128.90, 150.91, 272.56, 1, -1, -1, -1
167, 548, 829.58, 189.17, 71.71, 139.22, 1, -1, -1, -1
168, 542, 668.94, 265.59, 136.55, 255.06, 1, -1, -1, -1
168, 546, 642.97, 442.62, 157.35, 247.49, 1, -1, -1, -1
168, 547, 387.40, 135.09, 147.29, 267.72, 1, -1, -1, -1
168, 548, 829.73, 197.57, 71.43, 138.13, 1, -1, -1, -1
169, 542, 674.19, 273.09, 136.48, 254.40, 1, -1, -1, -1
169, 546, 631.24, 455.19, 157.11, 248.22, 1, -1, -1, -1
169, 547, 392.13, 140.85, 145.06, 265.73, 1, -1, -1, -1
169, 548, 830.02, 205.82, 71.04, 136.67, 1, -1, -1, -1
170, 542, 680.40, 280.29, 136.19, 253.68, 1, -1, -1, -1
170, 546, 617.78, 467.59, 158.17, 249.92, 1, -1, -1, -1
170, 547, 394.51, 147.36, 143.09, 264.49, 1, -1, -1, -1
170, 548, 829.85, 213.41, 71.66, 137.17, 1, -1, -1, -1
171, 542, 684.43, 288.41, 134.41, 251.45, 1, -1, -1, -1
171, 546, 608.43, 481.61, 157.99, 248.52, 1, -1, -1, -1
171, 547, 396.86, 152.44, 140.26, 260.89, 1, -1, -1, -1
171, 548, 830.06, 221.39, 71.24, 135.72, 1, -1, -1, -1
172, 542, 691.20, 297.16, 132.24, 249.12, 1, -1, -1, -1
172, 546, 600.01, 496.00, 158.13, 246.90, 1, -1, -1, -1
172, 547, 401.87, 158.16, 138.89, 259.41, 1, -1, -1, -1
172, 548, 830.07, 228.87, 71.45, 135.76, 1, -1, -1, -1
173, 542, 698.07, 304.25, 131.56, 249.53, 1, -1, -1, -1
173, 546, 593.36, 511.42, 156.85, 244.21, 1, -1, -1, -1
173, 547, 404.40, 164.22, 138.52, 259.80, 1, -1, -1, -1
173, 548, 830.17, 236.48, 71.29, 134.87, 1, -1, -1, -1
174, 542, 704.92, 310.90, 131.13, 250.41, 1, -1, -1, -1
174, 546, 587.25, 523.53, 155.45, 240.63, 1, -1, -1, -1
174, 547, 409.52, 169.90, 138.69, 260.83, 1, -1, -1, -1
174, 548, 830.12, 243.42, 71.66, 135.38, 1, -1, -1, -1
175, 542, 712.21, 319.05, 130.12, 249.96, 1, -1, -1, -1
175, 546, 579.98, 536.04, 156.19, 240.89, 1, -1, -1, -1
175, 547, 416.51, 174.91, 137.24, 257.97, 1, -1, -1, -1
175, 548, 830.44, 251.38, 71.09, 133.68, 1, -1, -1, -1
176, 542, 719.38, 326.18, 129.81, 250.02, 1, -1, -1, -1
176, 546, 573.03, 550.80, 154.85, 238.03, 1, -1, -1, -1
176, 547, 420.40, 181.84, 135.96, 255.57, 1, -1, -1, -1
176, 548, 830.51, 259.02, 71.06, 132.77, 1, -1, -1, -1
177, 542, 726.43, 331.49, 131.47, 252.75, 1, -1, -1, -1
177, 546, 566.73, 565.74, 153.62, 235.49, 1, -1, -1, -1
177, 547, 429.34, 188.07, 136.91, 254.75, 1, -1, -1, -1
177, 548, 830.24, 268.32, 71.43, 133.00, 1, -1, -1, -1
178, 542, 733.11, 337.45, 132.94, 254.55, 1, -1, -1, -1
178, 546, 556.00, 577.80, 151.77, 232.41, 1, -1, -1, -1
178, 547, 433.27, 195.28, 137.33, 252.89, 1, -1, -1, -1
178, 548, 829.83, 276.15, 71.94, 133.92, 1, -1, -1, -1
178, 549, 778.77, -108.63, 99.48, 165.33, 1, -1, -1, -1
179, 542, 739.04, 342.99, 135.29, 257.15, 1, -1, -1, -1
179, 546, 546.33, 588.69, 153.85, 235.41, 1, -1, -1, -1
179, 547, 438.98, 203.33, 137.80, 251.24, 1, -1, -1, -1
179, 548, 829.90, 284.13, 71.68, 133.23, 1, -1, -1, -1
180, 542, 744.32, 348.01, 138.55, 261.33, 1, -1, -1, -1
180, 546, 537.85, 600.82, 155.52, 237.45, 1, -1, -1, -1
180, 547, 445.12, 211.33, 138.51, 249.56, 1, -1, -1, -1
180, 548, 829.63, 291.31, 72.17, 134.22, 1, -1, -1, -1
181, 542, 749.00, 352.15, 142.59, 267.13, 1, -1, -1, -1
181, 546, 530.53, 611.69, 154.72, 234.41, 1, -1, -1, -1
181, 547, 446.26, 216.91, 141.03, 252.40, 1, -1, -1, -1
181, 548, 829.64, 299.02, 71.94, 133.74, 1, -1, -1, -1
182, 542, 750.74, 357.26, 144.97, 271.12, 1, -1, -1, -1
182, 546, 519.65, 625.78, 153.43, 230.95, 1, -1, -1, -1
182, 547, 447.57, 224.73, 140.64, 250.57, 1, -1, -1, -1
182, 548, 829.53, 306.09, 71.80, 133.46, 1, -1, -1, -1
182, 549, 774.32, -98.41, 94.93, 158.30, 1, -1, -1, -1
183, 542, 756.81, 362.38, 143.40, 269.00, 1, -1, -1, -1
183, 546, 512.19, 638.91, 150.27, 224.06, 1, -1, -1, -1
183, 547, 451.24, 230.87, 142.59, 252.32, 1, -1, -1, -1
183, 548, 828.29, 312.34, 73.51, 136.61, 1, -1, -1, -1
183, 549, 772.17, -100.91, 97.97, 163.97, 1, -1, -1, -1
184, 542, 762.89, 367.23, 143.57, 270.39, 1, -1, -1, -1
184, 546, 503.33, 651.63, 151.73, 224.01, 1, -1, -1, -1
184, 547, 453.06, 234.82, 142.48, 250.73, 1, -1, -1, -1
184, 548, 828.41, 319.50, 73.50, 136.98, 1, -1, -1, -1
184, 549, 774.90, -105.66, 101.67, 170.09, 1, -1, -1, -1
185, 542, 765.91, 372.18, 143.57, 272.34, 1, -1, -1, -1
185, 546, 491.36, 665.33, 152.75, 223.78, 1, -1, -1, -1
185, 547, 453.45, 240.00, 143.13, 251.35, 1, -1, -1, -1
185, 548, 822.09, 327.77, 84.87, 161.37, 1, -1, -1, -1
186, 542, 771.71, 377.59, 143.11, 274.50, 1, -1, -1, -1
186, 546, 481.89, 678.24, 154.42, 224.70, 1, -1, -1, -1
186, 547, 453.43, 245.66, 143.78, 252.89, 1, -1, -1, -1
186, 548, 821.70, 333.54, 85.97, 166.59, 1, -1, -1, -1
187, 542, 778.78, 383.47, 142.06, 275.51, 1, -1, -1, -1
187, 546, 472.55, 687.71, 157.41, 226.78, 1, -1, -1, -1
187, 547, 459.19, 251.92, 140.54, 247.34, 1, -1, -1, -1
187, 548, 822.00, 339.82, 85.51, 168.31, 1, -1, -1, -1
188, 542, 787.68, 389.71, 138.39, 270.33, 1, -1, -1, -1
188, 546, 465.08, 700.01, 157.95, 226.04, 1, -1, -1, -1
188, 547, 461.52, 258.28, 138.85, 245.77, 1, -1, -1, -1
188, 548, 826.27, 346.69, 84.78, 169.41, 1, -1, -1, -1
189, 542, 796.06, 396.12, 135.82, 267.99, 1, -1, -1, -1
189, 546, 451.88, 711.14, 161.12, 230.09, 1, -1, -1, -1
189, 547, 467.03, 264.40, 137.26, 244.00, 1, -1, -1, -1
189, 548, 828.74, 355.16, 81.80, 165.56, 1, -1, -1, -1
190, 542, 808.37, 400.91, 132.90, 263.68, 1, -1, -1, -1
190, 546, 438.63, 721.97, 160.28, 229.00, 1, -1, -1, -1
190, 547, 468.61, 269.17, 137.50, 246.65, 1, -1, -1, -1
191, 542, 818.12, 408.97, 130.18, 258.53, 1, -1, -1, -1
191, 546, 427.45, 732.27, 163.40, 232.95, 1, -1, -1, -1
191, 547, 469.63, 274.67, 137.64, 249.19, 1, -1, -1, -1
191, 549, 784.12, -120.30, 115.28, 193.39, 1, -1, -1, -1
192, 542, 826.58, 416.51, 128.99, 255.72, 1, -1, -1, -1
192, 546, 414.55, 745.22, 164.22, 233.47, 1, -1, -1, -1
192, 547, 473.16, 279.86, 138.85, 254.04, 1, -1, -1, -1
192, 549, 785.01, -119.99, 115.49, 194.27, 1, -1, -1, -1
193, 542, 833.95, 424.14, 129.24, 253.98, 1, -1, -1, -1
193, 546, 404.38, 757.92, 165.99, 235.33, 1, -1, -1, -1
193, 547, 476.43, 285.24, 136.33, 250.76, 1, -1, -1, -1
194, 542, 841.14, 431.98, 130.17, 252.03, 1, -1, -1, -1
194, 546, 390.66, 770.02, 168.09, 239.78, 1, -1, -1, -1
194, 547, 481.42, 290.93, 135.81, 250.73, 1, -1, -1, -1
194, 548, 821.66, 390.82, 75.02, 150.75, 1, -1, -1, -1
194, 549, 785.97, -117.21, 114.84, 194.29, 1, -1, -1, -1
195, 542, 846.55, 437.68, 133.19, 254.08, 1, -1, -1, -1
195, 546, 377.43, 780.24, 167.59, 239.54, 1, -1, -1, -1
195, 547, 483.75, 296.82, 135.77, 251.64, 1, -1, -1, -1
195, 548, 821.44, 399.05, 73.29, 146.19, 1, -1, -1, -1
195, 549, 785.25, -119.04, 116.12, 197.46, 1, -1, -1, -1
196, 542, 852.48, 444.24, 135.72, 255.03, 1, -1, -1, -1
196, 546, 368.84, 794.54, 164.94, 235.72, 1, -1, -1, -1
196, 547, 489.27, 303.68, 134.80, 251.15, 1, -1, -1, -1
196, 548, 821.43, 407.45, 72.38, 143.50, 1, -1, -1, -1
196, 549, 785.63, -118.59, 115.34, 196.44, 1, -1, -1, -1
197, 542, 855.32, 452.10, 135.88, 252.77, 1, -1, -1, -1
197, 546, 360.59, 807.73, 165.35, 235.91, 1, -1, -1, -1
197, 547, 495.63, 309.77, 135.46, 252.77, 1, -1, -1, -1
197, 548, 821.16, 415.21, 71.79, 141.62, 1, -1, -1, -1
197, 549, 788.21, -122.26, 119.23, 203.00, 1, -1, -1, -1
198, 542, 859.63, 458.56, 137.50, 253.03, 1, -1, -1, -1
198, 546, 347.73, 820.66, 167.98, 239.46, 1, -1, -1, -1
198, 547, 501.20, 314.67, 138.60, 256.84, 1, -1, -1, -1
198, 548, 821.35, 423.67, 70.94, 139.14, 1, -1, -1, -1
198, 549, 788.59, -123.82, 121.69, 206.79, 1, -1, -1, -1
199, 542, 860.73, 464.69, 139.44, 255.06, 1, -1, -1, -1
199, 546, 337.40, 832.95, 171.15, 242.14, 1, -1, -1, -1
199, 547, 507.01, 320.20, 141.52, 259.20, 1, -1, -1, -1
199, 548, 821.16, 431.98, 71.06, 138.63, 1, -1, -1, -1
199, 549, 788.24, -123.83, 123.59, 209.58, 1, -1, -1, -1
200, 542, 865.02, 471.22, 140.50, 255.68, 1, -1, -1, -1
200, 546, 330.32, 845.26, 170.56, 238.05, 1, -1, -1, -1
200, 547, 509.29, 326.66, 143.18, 260.39, 1, -1, -1, -1
200, 548, 820.94, 440.60, 70.81, 136.94, 1, -1, -1, -1
200, 549, 787.40, -124.88, 125.60, 212.75, 1, -1, -1, -1
201, 542, 871.71, 476.30, 139.50, 253.14, 1, -1, -1, -1
201, 546, 326.97, 858.72, 171.41, 234.48, 1, -1, -1, -1
201, 547, 513.65, 333.39, 144.96, 260.74, 1, -1, -1, -1
201, 548, 819.81, 449.72, 72.75, 140.03, 1, -1, -1, -1
202, 542, 878.48, 480.99, 139.13, 252.80, 1, -1, -1, -1
202, 546, 317.94, 871.72, 170.61, 226.93, 1, -1, -1, -1
202, 547, 515.67, 340.91, 145.33, 260.48, 1, -1, -1, -1
202, 548, 819.70, 458.47, 72.92, 140.00, 1, -1, -1, -1
203, 542, 885.54, 486.85, 139.00, 254.30, 1, -1, -1, -1
203, 546, 310.41, 887.92, 169.92, 219.56, 1, -1, -1, -1
203, 547, 516.15, 347.70, 145.76, 261.34, 1, -1, -1, -1
203, 548, 819.72, 467.14, 72.43, 138.34, 1, -1, -1, -1
204, 542, 890.43, 491.76, 136.25, 250.61, 1, -1, -1, -1
204, 546, 303.81, 903.34, 167.75, 207.50, 1, -1, -1, -1
204, 547, 520.08, 354.27, 146.62, 262.32, 1, -1, -1, -1
204, 548, 819.89, 475.61, 72.09, 137.19, 1, -1, -1, -1
205, 542, 897.26, 498.31, 134.00, 248.08, 1, -1, -1, -1
205, 547, 521.64, 360.59, 147.20, 263.43, 1, -1, -1, -1
205, 548, 820.27, 484.23, 71.60, 135.51, 1, -1, -1, -1
206, 542, 903.08, 502.24, 135.39, 251.94, 1, -1, -1, -1
206, 547, 523.49, 365.75, 145.16, 260.18, 1, -1, -1, -1
206, 548, 818.60, 491.99, 74.63, 141.07, 1, -1, -1, -1
207, 542, 907.68, 504.57, 139.37, 259.93, 1, -1, -1, -1
207, 547, 528.39, 371.63, 144.02, 258.83, 1, -1, -1, -1
207, 548, 818.81, 500.33, 74.82, 140.95, 1, -1, -1, -1
208, 542, 914.05, 507.58, 139.89, 260.88, 1, -1, -1, -1
208, 547, 531.25, 378.19, 142.30, 257.11, 1, -1, -1, -1
208, 548, 818.93, 507.73, 75.36, 141.62, 1, -1, -1, -1
208, 550, 1666.08, -52.55, 158.12, 278.01, 1, -1, -1, -1
209, 542, 916.34, 510.79, 141.91, 265.21, 1, -1, -1, -1
209, 547, 537.38, 383.61, 139.43, 253.14, 1, -1, -1, -1
209, 548, 819.14, 515.13, 75.07, 140.61, 1, -1, -1, -1
209, 550, 1666.53, -50.95, 157.94, 277.20, 1, -1, -1, -1
210, 542, 919.85, 513.46, 144.98, 271.32, 1, -1, -1, -1
210, 547, 540.68, 389.37, 137.80, 251.63, 1, -1, -1, -1
210, 548, 818.51, 521.33, 76.39, 142.43, 1, -1, -1, -1
210, 550, 1671.91, -48.66, 156.41, 273.86, 1, -1, -1, -1
211, 542, 921.64, 515.07, 146.15, 274.02, 1, -1, -1, -1
211, 547, 546.37, 395.68, 136.35, 250.12, 1, -1, -1, -1
211, 548, 818.62, 526.32, 76.02, 140.33, 1, -1, -1, -1
211, 550, 1673.79, -48.00, 156.49, 273.17, 1, -1, -1, -1
212, 542, 924.86, 516.63, 149.08, 280.04, 1, -1, -1, -1
212, 547, 549.72, 400.17, 134.40, 247.49, 1, -1, -1, -1
212, 548, 818.63, 531.47, 76.33, 140.41, 1, -1, -1, -1
212, 550, 1675.20, -46.55, 155.43, 270.32, 1, -1, -1, -1
213, 542, 929.80, 517.97, 150.00, 282.24, 1, -1, -1, -1
213, 547, 555.35, 405.71, 132.92, 245.70, 1, -1, -1, -1
213, 548, 818.39, 536.85, 77.49, 141.85, 1, -1, -1, -1
213, 550, 1680.30, -44.83, 154.55, 267.62, 1, -1, -1, -1
214, 542, 933.06, 519.51, 148.81, 281.10, 1, -1, -1, -1
214, 547, 562.64, 411.69, 129.75, 240.34, 1, -1, -1, -1
214, 548, 817.90, 541.69, 78.98, 144.16, 1, -1, -1, -1
214, 550, 1683.39, -41.63, 151.80, 261.25, 1, -1, -1, -1
215, 542, 934.39, 518.05, 149.21, 283.64, 1, -1, -1, -1
215, 547, 566.39, 417.17, 129.08, 238.86, 1, -1, -1, -1
215, 548, 818.00, 544.83, 79.47, 144.26, 1, -1, -1, -1
215, 550, 1685.66, -38.77, 149.03, 255.06, 1, -1, -1, -1
216, 542, 938.81, 516.58, 148.97, 284.97, 1, -1, -1, -1
216, 547, 571.60, 419.29, 129.92, 240.01, 1, -1, -1, -1
216, 548, 817.71, 548.96, 80.56, 145.59, 1, -1, -1, -1
216, 550, 1691.22, -35.44, 146.39, 247.90, 1, -1, -1, -1
217, 542, 945.06, 513.23, 147.65, 284.05, 1, -1, -1, -1
217, 547, 576.97, 421.99, 132.51, 242.58, 1, -1, -1, -1
217, 548, 818.55, 553.13, 79.91, 142.59, 1, -1, -1, -1
217, 550, 1692.45, -35.40, 147.64, 247.28, 1, -1, -1, -1
218, 542, 948.82, 510.45, 146.26, 283.64, 1, -1, -1, -1
218, 547, 582.90, 427.32, 134.53, 242.73, 1, -1, -1, -1
218, 548, 820.54, 557.65, 80.68, 142.59, 1, -1, -1, -1
218, 550, 1693.01, -35.27, 148.59, 246.41, 1, -1, -1, -1
219, 542, 956.59, 509.19, 141.05, 274.69, 1, -1, -1, -1
219, 547, 588.88, 430.81, 136.21, 241.27, 1, -1, -1, -1
219, 548, 821.17, 559.71, 81.31, 143.13, 1, -1, -1, -1
219, 550, 1692.30, -40.38, 150.98, 248.56, 1, -1, -1, -1
220, 542, 964.53, 506.63, 137.01, 267.50, 1, -1, -1, -1
220, 547, 594.46, 435.02, 139.36, 242.89, 1, -1, -1, -1
220, 548, 821.72, 563.52, 82.37, 144.21, 1, -1, -1, -1
220, 550, 1696.75, -40.03, 149.99, 244.55, 1, -1, -1, -1
221, 542, 968.04, 503.65, 136.20, 266.54, 1, -1, -1, -1
221, 547, 596.94, 439.39, 139.51, 239.42, 1, -1, -1, -1
221, 548, 823.54, 566.61, 82.09, 142.23, 1, -1, -1, -1
221, 550, 1697.72, -40.50, 151.52, 244.68, 1, -1, -1, -1
222, 542, 974.72, 501.08, 133.03, 260.59, 1, -1, -1, -1
222, 547, 601.96, 445.36, 140.60, 236.76, 1, -1, -1, -1
222, 548, 823.59, 570.02, 84.07, 144.38, 1, -1, -1, -1
222, 550, 1697.24, -41.94, 154.45, 247.12, 1, -1, -1, -1
223, 542, 980.55, 498.08, 133.53, 261.73, 1, -1, -1, -1
223, 547, 608.22, 449.92, 140.87, 233.13, 1, -1, -1, -1
223, 548, 826.77, 572.18, 84.75, 144.06, 1, -1, -1, -1
224, 542, 984.80, 495.96, 130.62, 255.96, 1, -1, -1, -1
224, 547, 611.13, 456.44, 139.86, 228.48, 1, -1, -1, -1
224, 548, 828.00, 573.27, 85.74, 143.73, 1, -1, -1, -1
225, 542, 989.43, 492.72, 131.33, 257.51, 1, -1, -1, -1
225, 547, 616.49, 460.47, 139.57, 225.93, 1, -1, -1, -1
225, 548, 832.72, 575.33, 85.15, 140.71, 1, -1, -1, -1
226, 542, 992.48, 489.31, 130.60, 255.69, 1, -1, -1, -1
226, 547, 619.54, 464.81, 136.82, 220.24, 1, -1, -1, -1
226, 548, 834.81, 579.28, 85.74, 140.16, 1, -1, -1, -1
227, 542, 996.26, 485.54, 132.78, 259.31, 1, -1, -1, -1
227, 547, 624.66, 469.46, 136.60, 218.76, 1, -1, -1, -1
227, 548, 835.58, 581.28, 86.66, 138.86, 1, -1, -1, -1
228, 542, 997.15, 481.92, 135.76, 264.83, 1, -1, -1, -1
228, 547, 626.47, 471.59, 136.59, 218.65, 1, -1, -1, -1
228, 548, 835.10, 581.74, 88.72, 139.52, 1, -1, -1, -1
229, 542, 999.86, 478.02, 139.12, 270.64, 1, -1, -1, -1
229, 547, 632.02, 473.94, 134.56, 215.80, 1, -1, -1, -1
229, 548, 834.97, 582.60, 90.37, 138.74, 1, -1, -1, -1
230, 542, 1001.03, 474.90, 141.76, 275.65, 1, -1, -1, -1
230, 547, 634.80, 477.54, 134.16, 215.80, 1, -1, -1, -1
230, 548, 838.96, 583.72, 89.88, 136.64, 1, -1, -1, -1
231, 542, 1005.35, 471.17, 141.89, 274.94, 1, -1, -1, -1
231, 547, 640.68, 479.94, 132.77, 215.09, 1, -1, -1, -1
231, 548, 840.64, 586.84, 91.53, 137.87, 1, -1, -1, -1
232, 542, 1008.48, 467.21, 140.41, 270.66, 1, -1, -1, -1
232, 547, 646.15, 482.94, 133.48, 217.68, 1, -1, -1, -1
232, 548, 845.18, 588.67, 91.59, 138.00, 1, -1, -1, -1
232, 549, 837.44, -115.33, 109.31, 192.72, 1, -1, -1, -1
233, 542, 1014.46, 462.16, 138.67, 266.20, 1, -1, -1, -1
233, 547, 649.59, 484.42, 132.89, 217.81, 1, -1, -1, -1
233, 548, 847.40, 589.82, 91.49, 137.97, 1, -1, -1, -1
233, 549, 839.21, -114.47, 106.87, 191.34, 1, -1, -1, -1
234, 542, 1021.85, 458.78, 135.57, 258.59, 1, -1, -1, -1
234, 547, 655.61, 486.17, 131.14, 216.00, 1, -1, -1, -1
234, 548, 851.84, 591.21, 90.14, 136.17, 1, -1, -1, -1
234, 549, 839.52, -116.94, 107.03, 192.79, 1, -1, -1, -1
235, 542, 1025.41, 453.88, 134.14, 254.49, 1, -1, -1, -1
235, 547, 662.42, 488.19, 128.90, 213.60, 1, -1, -1, -1
235, 548, 853.13, 593.61, 91.20, 138.59, 1, -1, -1, -1
235, 549, 844.38, -115.27, 106.44, 193.10, 1, -1, -1, -1
236, 542, 1030.80, 448.86, 132.87, 250.91, 1, -1, -1, -1
236, 547, 664.67, 489.93, 130.88, 218.26, 1, -1, -1, -1
236, 548, 853.82, 594.44, 91.60, 139.89, 1, -1, -1, -1
236, 549, 846.37, -114.83, 105.91, 192.64, 1, -1, -1, -1
237, 542, 1031.71, 443.38, 135.19, 255.01, 1, -1, -1, -1
237, 547, 671.62, 490.20, 128.31, 213.65, 1, -1, -1, -1
237, 548, 854.43, 595.21, 91.09, 139.42, 1, -1, -1, -1
237, 549, 847.43, -115.49, 105.51, 191.55, 1, -1, -1, -1
238, 542, 1032.46, 437.48, 136.27, 256.86, 1, -1, -1, -1
238, 547, 677.75, 489.17, 128.71, 213.31, 1, -1, -1, -1
238, 548, 854.80, 595.90, 90.93, 139.12, 1, -1, -1, -1
238, 549, 848.16, -115.41, 104.50, 189.59, 1, -1, -1, -1
239, 542, 1035.17, 432.27, 139.04, 261.79, 1, -1, -1, -1
239, 547, 687.78, 487.47, 131.15, 214.43, 1, -1, -1, -1
239, 548, 855.54, 596.51, 90.58, 138.37, 1, -1, -1, -1
239, 549, 852.37, -117.41, 105.20, 189.89, 1, -1, -1, -1
240, 542, 1037.07, 427.91, 138.90, 261.08, 1, -1, -1, -1
240, 547, 694.56, 485.53, 135.09, 217.41, 1, -1, -1, -1
240, 548, 855.49, 596.05, 92.00, 139.88, 1, -1, -1, -1
240, 549, 851.58, -110.75, 101.47, 183.35, 1, -1, -1, -1
241, 542, 1036.83, 423.56, 141.11, 265.43, 1, -1, -1, -1
241, 547, 696.36, 484.11, 138.93, 220.47, 1, -1, -1, -1
241, 548, 854.42, 597.88, 94.62, 143.40, 1, -1, -1, -1
241, 549, 854.82, -110.14, 101.22, 182.19, 1, -1, -1, -1
242, 542, 1037.54, 419.58, 140.63, 264.89, 1, -1, -1, -1
242, 547, 700.07, 482.97, 142.41, 223.57, 1, -1, -1, -1
242, 548, 856.35, 597.91, 97.06, 147.80, 1, -1, -1, -1
242, 549, 857.28, -106.95, 98.65, 177.47, 1, -1, -1, -1
243, 542, 1039.84, 415.34, 142.72, 269.76, 1, -1, -1, -1
243, 547, 700.01, 483.37, 146.83, 229.10, 1, -1, -1, -1
243, 548, 857.86, 598.68, 96.97, 147.50, 1, -1, -1, -1
243, 549, 858.29, -105.95, 97.57, 174.97, 1, -1, -1, -1
244, 542, 1037.11, 411.72, 144.48, 274.65, 1, -1, -1, -1
244, 547, 703.43, 482.66, 149.86, 233.11, 1, -1, -1, -1
244, 548, 859.69, 599.48, 96.06, 146.03, 1, -1, -1, -1
245, 542, 1035.81, 408.97, 145.26, 278.13, 1, -1, -1, -1
245, 547, 704.49, 481.96, 151.42, 235.82, 1, -1, -1, -1
245, 548, 861.30, 600.69, 95.11, 144.04, 1, -1, -1, -1
246, 542, 1035.16, 405.55, 144.34, 277.91, 1, -1, -1, -1
246, 547, 704.45, 480.99, 152.62, 238.48, 1, -1, -1, -1
246, 548, 865.12, 601.76, 94.01, 141.93, 1, -1, -1, -1
247, 542, 1034.03, 401.19, 145.33, 281.53, 1, -1, -1, -1
247, 547, 704.81, 480.54, 152.93, 240.55, 1, -1, -1, -1
247, 548, 868.09, 602.48, 92.86, 139.71, 1, -1, -1, -1
248, 542, 1033.62, 396.45, 144.40, 281.19, 1, -1, -1, -1
248, 547, 705.62, 480.92, 151.74, 240.58, 1, -1, -1, -1
248, 548, 872.47, 603.30, 91.85, 137.77, 1, -1, -1, -1
249, 542, 1030.93, 392.42, 141.81, 276.95, 1, -1, -1, -1
249, 547, 709.52, 480.64, 150.78, 241.24, 1, -1, -1, -1
249, 548, 874.98, 603.49, 92.26, 138.08, 1, -1, -1, -1
250, 542, 1029.59, 387.60, 139.95, 273.81, 1, -1, -1, -1
250, 547, 711.66, 480.95, 148.99, 240.62, 1, -1, -1, -1
250, 548, 875.04, 604.15, 95.37, 143.54, 1, -1, -1, -1
251, 542, 1029.21, 382.52, 137.79, 270.01, 1, -1, -1, -1
251, 547, 713.51, 481.07, 147.33, 239.98, 1, -1, -1, -1
251, 548, 877.46, 603.34, 97.99, 149.41, 1, -1, -1, -1
252, 542, 1026.18, 377.43, 135.52, 265.84, 1, -1, -1, -1
252, 547, 714.86, 480.67, 146.68, 240.81, 1, -1, -1, -1
252, 548, 879.09, 602.29, 100.11, 154.70, 1, -1, -1, -1
253, 542, 1024.96, 372.32, 133.31, 261.33, 1, -1, -1, -1
253, 547, 718.70, 480.26, 146.12, 241.77, 1, -1, -1, -1
253, 548, 881.39, 602.43, 102.71, 161.66, 1, -1, -1, -1
254, 542, 1020.81, 369.01, 132.53, 260.45, 1, -1, -1, -1
254, 547, 720.22, 480.47, 145.30, 241.96, 1, -1, -1, -1
254, 548, 884.56, 603.71, 101.53, 162.31, 1, -1, -1, -1
255, 542, 1018.67, 363.59, 132.34, 260.34, 1, -1, -1, -1
255, 547, 719.85, 482.14, 146.63, 245.17, 1, -1, -1, -1
255, 548, 887.17, 604.81, 99.69, 161.41, 1, -1, -1, -1
256, 542, 1017.53, 358.03, 131.68, 259.07, 1, -1, -1, -1
256, 547, 719.09, 481.78, 148.24, 249.24, 1, -1, -1, -1
256, 548, 891.58, 605.98, 98.38, 160.94, 1, -1, -1, -1
257, 542, 1012.49, 353.99, 133.15, 262.47, 1, -1, -1, -1
257, 547, 718.33, 481.38, 149.16, 252.03, 1, -1, -1, -1
257, 548, 894.57, 607.61, 96.23, 158.49, 1, -1, -1, -1
258, 542, 1010.56, 350.01, 132.13, 260.50, 1, -1, -1, -1
258, 547, 715.42, 481.59, 148.80, 252.82, 1, -1, -1, -1
258, 548, 897.55, 609.65, 93.43, 153.30, 1, -1, -1, -1
259, 542, 1005.52, 346.31, 133.13, 262.75, 1, -1, -1, -1
259, 547, 713.78, 481.75, 148.54, 253.85, 1, -1, -1, -1
259, 548, 902.43, 611.32, 91.70, 149.17, 1, -1, -1, -1
260, 542, 1003.10, 342.03, 133.17, 262.78, 1, -1, -1, -1
260, 547, 712.31, 484.01, 148.90, 255.68, 1, -1, -1, -1
260, 548, 904.68, 613.44, 90.32, 145.14, 1, -1, -1, -1
261, 542, 1000.87, 337.50, 135.11, 267.05, 1, -1, -1, -1
261, 547, 711.08, 484.40, 149.59, 257.97, 1, -1, -1, -1
261, 548, 905.14, 615.26, 89.64, 141.89, 1, -1, -1, -1
262, 542, 995.47, 333.06, 137.91, 273.49, 1, -1, -1, -1
262, 547, 707.61, 484.98, 149.16, 258.15, 1, -1, -1, -1
262, 548, 903.42, 617.37, 92.63, 145.34, 1, -1, -1, -1
263, 542, 992.90, 328.35, 138.61, 275.07, 1, -1, -1, -1
263, 547, 705.34, 484.94, 149.09, 258.79, 1, -1, -1, -1
263, 548, 902.17, 617.92, 94.78, 147.62, 1, -1, -1, -1
264, 542, 988.15, 324.65, 139.89, 278.18, 1, -1, -1, -1
264, 547, 701.16, 485.66, 148.76, 258.79, 1, -1, -1, -1
264, 548, 901.31, 618.41, 96.05, 149.07, 1, -1, -1, -1
265, 542, 986.79, 321.29, 138.30, 275.31, 1, -1, -1, -1
265, 547, 698.87, 485.64, 148.29, 258.81, 1, -1, -1, -1
265, 548, 901.20, 618.50, 96.71, 149.74, 1, -1, -1, -1
266, 542, 985.56, 316.02, 137.70, 274.15, 1, -1, -1, -1
266, 547, 697.93, 486.95, 146.46, 256.71, 1, -1, -1, -1
266, 548, 901.85, 618.49, 96.58, 149.65, 1, -1, -1, -1
267, 542, 981.70, 312.66, 137.24, 273.92, 1, -1, -1, -1
267, 547, 694.66, 487.68, 145.36, 255.84, 1, -1, -1, -1
267, 548, 901.68, 618.47, 96.39, 149.12, 1, -1, -1, -1
268, 542, 980.55, 308.59, 135.38, 270.83, 1, -1, -1, -1
268, 547, 692.87, 488.23, 144.20, 255.23, 1, -1, -1, -1
268, 548, 901.68, 619.07, 95.83, 148.25, 1, -1, -1, -1
269, 542, 976.40, 302.92, 134.27, 268.93, 1, -1, -1, -1
269, 547, 688.59, 487.97, 143.86, 255.75, 1, -1, -1, -1
269, 548, 900.82, 618.56, 96.42, 148.71, 1, -1, -1, -1
270, 542, 974.96, 298.14, 132.20, 264.58, 1, -1, -1, -1
270, 547, 685.37, 489.96, 144.47, 257.88, 1, -1, -1, -1
270, 548, 900.70, 619.00, 96.53, 147.93, 1, -1, -1, -1
271, 542, 971.34, 293.32, 130.10, 260.43, 1, -1, -1, -1
271, 547, 681.53, 491.88, 143.41, 256.68, 1, -1, -1, -1
271, 548, 900.21, 619.14, 96.55, 147.42, 1, -1, -1, -1
272, 542, 968.67, 289.38, 131.08, 262.70, 1, -1, -1, -1
272, 547, 679.36, 492.12, 142.66, 257.20, 1, -1, -1, -1
272, 548, 900.11, 619.62, 96.11, 146.22, 1, -1, -1, -1
273, 542, 964.69, 286.22, 129.35, 258.91, 1, -1, -1, -1
273, 547, 674.98, 492.57, 141.71, 256.91, 1, -1, -1, -1
273, 548, 896.00, 619.16, 96.47, 146.36, 1, -1, -1, -1
274, 542, 962.02, 281.15, 128.77, 257.23, 1, -1, -1, -1
274, 547, 672.92, 493.54, 140.26, 255.68, 1, -1, -1, -1
274, 548, 891.69, 619.63, 95.98, 145.49, 1, -1, -1, -1
275, 542, 956.22, 277.11, 130.28, 259.98, 1, -1, -1, -1
275, 547, 669.53, 495.14, 137.93, 252.86, 1, -1, -1, -1
275, 548, 888.49, 619.34, 96.82, 146.36, 1, -1, -1, -1
276, 542, 950.72, 273.48, 129.53, 257.71, 1, -1, -1, -1
276, 547, 666.99, 495.67, 137.41, 252.58, 1, -1, -1, -1
276, 548, 885.91, 619.96, 97.03, 146.16, 1, -1, -1, -1
277, 542, 946.42, 269.58, 131.82, 261.52, 1, -1, -1, -1
277, 547, 662.56, 495.81, 136.84, 252.57, 1, -1, -1, -1
277, 548, 881.80, 619.90, 97.59, 146.73, 1, -1, -1, -1
278, 542, 940.23, 266.25, 134.07, 265.54, 1, -1, -1, -1
278, 547, 660.47, 496.83, 135.48, 251.16, 1, -1, -1, -1
278, 548, 878.10, 620.25, 98.14, 147.10, 1, -1, -1, -1
279, 542, 934.36, 262.49, 133.94, 265.14, 1, -1, -1, -1
279, 547, 656.49, 497.14, 134.72, 251.06, 1, -1, -1, -1
279, 548, 874.03, 619.63, 99.38, 148.88, 1, -1, -1, -1
280, 542, 930.38, 258.73, 135.39, 268.19, 1, -1, -1, -1
280, 547, 654.03, 496.28, 134.84, 252.50, 1, -1, -1, -1
280, 548, 871.47, 619.88, 99.13, 148.25, 1, -1, -1, -1
281, 542, 923.98, 255.11, 137.53, 273.26, 1, -1, -1, -1
281, 547, 652.83, 496.11, 133.87, 252.29, 1, -1, -1, -1
281, 548, 868.37, 618.61, 101.53, 151.11, 1, -1, -1, -1
282, 542, 918.80, 252.25, 136.03, 270.71, 1, -1, -1, -1
282, 547, 649.12, 497.14, 132.73, 250.41, 1, -1, -1, -1
282, 548, 863.72, 618.64, 101.89, 150.61, 1, -1, -1, -1
283, 542, 911.76, 249.17, 136.62, 272.49, 1, -1, -1, -1
283, 547, 647.49, 497.82, 131.66, 249.46, 1, -1, -1, -1
283, 548, 858.71, 619.85, 101.75, 148.94, 1, -1, -1, -1
284, 542, 907.41, 244.27, 137.40, 274.68, 1, -1, -1, -1
284, 547, 643.10, 498.22, 131.11, 248.75, 1, -1, -1, -1
284, 548, 851.23, 620.89, 104.42, 152.33, 1, -1, -1, -1
285, 542, 901.40, 239.69, 138.68, 278.72, 1, -1, -1, -1
285, 547, 636.49, 499.64, 132.88, 252.57, 1, -1, -1, -1
285, 548, 847.16, 619.96, 104.29, 150.83, 1, -1, -1, -1
286, 542, 895.42, 235.34, 138.42, 278.39, 1, -1, -1, -1
286, 547, 633.58, 500.36, 133.66, 253.95, 1, -1, -1, -1
286, 548, 841.63, 619.00, 105.46, 150.97, 1, -1, -1, -1
287, 542, 889.23, 232.76, 137.79, 278.12, 1, -1, -1, -1
287, 547, 631.55, 499.90, 134.30, 255.92, 1, -1, -1, -1
287, 548, 837.98, 618.83, 106.62, 150.58, 1, -1, -1, -1
288, 542, 886.32, 228.01, 136.89, 276.99, 1, -1, -1, -1
288, 547, 628.42, 498.68, 132.28, 252.51, 1, -1, -1, -1
288, 548, 832.26, 618.40, 107.65, 150.15, 1, -1, -1, -1
289, 542, 882.02, 223.61, 134.76, 273.01, 1, -1, -1, -1
289, 547, 626.47, 497.86, 131.31, 251.30, 1, -1, -1, -1
289, 548, 826.43, 619.50, 108.43, 148.79, 1, -1, -1, -1
290, 542, 877.47, 220.37, 131.20, 266.36, 1, -1, -1, -1
290, 547, 621.41, 499.82, 132.33, 253.11, 1, -1, -1, -1
290, 548, 822.23, 621.40, 110.98, 151.19, 1, -1, -1, -1
291, 542, 870.90, 216.22, 131.62, 267.92, 1, -1, -1, -1
291, 547, 618.95, 497.82, 132.06, 252.28, 1, -1, -1, -1
291, 548, 817.75, 620.43, 110.61, 149.66, 1, -1, -1, -1
292, 542, 868.63, 213.05, 129.88, 265.08, 1, -1, -1, -1
292, 547, 613.27, 498.40, 134.21, 256.08, 1, -1, -1, -1
292, 548, 815.48, 621.43, 108.87, 146.52, 1, -1, -1, -1
293, 542, 863.65, 209.90, 130.31, 266.91, 1, -1, -1, -1
293, 547, 610.81, 498.96, 135.04, 257.39, 1, -1, -1, -1
293, 548, 811.40, 621.75, 108.35, 145.48, 1, -1, -1, -1
294, 542, 860.53, 207.76, 130.89, 268.93, 1, -1, -1, -1
294, 547, 609.87, 496.38, 134.74, 256.31, 1, -1, -1, -1
294, 548, 808.16, 621.15, 108.85, 146.34, 1, -1, -1, -1
295, 542, 856.59, 205.70, 128.76, 265.85, 1, -1, -1, -1
295, 547, 604.21, 496.79, 136.58, 259.70, 1, -1, -1, -1
295, 548, 802.22, 621.81, 111.10, 151.02, 1, -1, -1, -1
296, 542, 854.19, 203.68, 128.55, 266.15, 1, -1, -1, -1
296, 547, 598.37, 497.08, 137.16, 260.91, 1, -1, -1, -1
296, 548, 797.72, 623.41, 109.17, 150.32, 1, -1, -1, -1
297, 542, 848.80, 199.90, 130.27, 270.96, 1, -1, -1, -1
297, 547, 596.34, 499.66, 135.30, 256.78, 1, -1, -1, -1
297, 548, 795.08, 624.70, 106.89, 148.91, 1, -1, -1, -1
298, 542, 846.92, 197.15, 129.33, 269.48, 1, -1, -1, -1
298, 547, 591.27, 500.08, 135.45, 256.04, 1, -1, -1, -1
298, 548, 791.78, 625.90, 105.08, 148.19, 1, -1, -1, -1
299, 542, 842.59, 195.31, 129.27, 269.73, 1, -1, -1, -1
299, 547, 585.16, 500.17, 135.70, 256.20, 1, -1, -1, -1
299, 548, 789.15, 626.97, 103.30, 147.26, 1, -1, -1, -1
300, 542, 839.88, 193.78, 130.23, 271.91, 1, -1, -1, -1
300, 547, 582.34, 501.17, 135.74, 254.93, 1, -1, -1, -1
300, 548, 786.23, 628.40, 101.13, 145.30, 1, -1, -1, -1
301, 542, 835.49, 191.92, 130.80, 273.67, 1, -1, -1, -1
301, 547, 580.86, 501.12, 136.22, 255.00, 1, -1, -1, -1
301, 548, 783.97, 629.27, 99.37, 143.82, 1, -1, -1, -1
302, 542, 833.58, 188.08, 130.78, 273.69, 1, -1, -1, -1
302, 547, 576.29, 501.40, 136.72, 254.98, 1, -1, -1, -1
302, 548, 780.70, 629.31, 99.06, 143.92, 1, -1, -1, -1
303, 542, 831.32, 183.42, 132.68, 277.67, 1, -1, -1, -1
303, 547, 573.55, 501.34, 137.59, 255.83, 1, -1, -1, -1
303, 548, 776.75, 630.32, 101.23, 148.00, 1, -1, -1, -1
304, 542, 827.80, 180.10, 131.43, 274.44, 1, -1, -1, -1
304, 547, 568.79, 502.43, 137.48, 254.50, 1, -1, -1, -1
304, 548, 773.34, 631.85, 100.36, 147.04, 1, -1, -1, -1
305, 542, 826.08, 178.35, 130.88, 272.91, 1, -1, -1, -1
305, 547, 562.51, 503.22, 137.01, 252.98, 1, -1, -1, -1
305, 548, 770.03, 631.47, 101.77, 149.22, 1, -1, -1, -1
306, 542, 825.63, 175.83, 129.31, 268.72, 1, -1, -1, -1
306, 547, 559.60, 506.94, 137.59, 252.65, 1, -1, -1, -1
306, 548, 765.59, 632.48, 101.17, 148.17, 1, -1, -1, -1
307, 542, 821.71, 173.30, 129.90, 269.17, 1, -1, -1, -1
307, 547, 554.57, 508.79, 137.76, 252.04, 1, -1, -1, -1
307, 548, 762.41, 633.49, 100.57, 147.40, 1, -1, -1, -1
308, 542, 820.39, 170.18, 128.97, 266.59, 1, -1, -1, -1
308, 547, 551.72, 509.15, 138.78, 252.84, 1, -1, -1, -1
308, 548, 757.06, 633.91, 100.82, 148.07, 1, -1, -1, -1
309, 542, 818.36, 165.40, 130.80, 270.31, 1, -1, -1, -1
309, 547, 546.67, 509.92, 139.41, 253.28, 1, -1, -1, -1
309, 548, 754.47, 636.77, 100.49, 148.35, 1, -1, -1, -1
310, 542, 815.66, 164.10, 128.17, 264.53, 1, -1, -1, -1
310, 547, 543.31, 512.45, 141.38, 255.65, 1, -1, -1, -1
310, 548, 750.44, 638.92, 98.97, 146.56, 1, -1, -1, -1
311, 542, 813.70, 162.33, 128.48, 264.81, 1, -1, -1, -1
311, 547, 537.77, 513.68, 142.55, 256.54, 1, -1, -1, -1
311, 548, 745.78, 640.67, 98.32, 145.18, 1, -1, -1, -1
312, 542, 812.01, 160.02, 129.80, 267.39, 1, -1, -1, -1
312, 547, 535.70, 515.41, 142.46, 255.42, 1, -1, -1, -1
312, 548, 743.44, 642.84, 96.88, 142.60, 1, -1, -1, -1
313, 542, 809.92, 157.35, 132.00, 272.11, 1, -1, -1, -1
313, 547, 531.28, 518.50, 140.66, 250.80, 1, -1, -1, -1
313, 548, 739.69, 645.03, 95.62, 139.62, 1, -1, -1, -1
314, 542, 806.31, 156.65, 132.23, 272.98, 1, -1, -1, -1
314, 547, 527.91, 520.79, 143.16, 253.53, 1, -1, -1, -1
314, 548, 736.73, 649.00, 95.62, 139.07, 1, -1, -1, -1
315, 542, 804.24, 155.97, 132.92, 274.91, 1, -1, -1, -1
315, 547, 523.48, 523.41, 142.72, 251.41, 1, -1, -1, -1
315, 548, 731.82, 652.35, 94.83, 137.07, 1, -1, -1, -1
316, 542, 802.52, 154.58, 133.87, 277.76, 1, -1, -1, -1
316, 547, 517.05, 525.61, 142.94, 250.33, 1, -1, -1, -1
316, 548, 725.75, 654.33, 95.23, 136.67, 1, -1, -1, -1
317, 542, 797.57, 152.30, 134.91, 281.25, 1, -1, -1, -1
317, 547, 513.57, 529.71, 144.04, 250.61, 1, -1, -1, -1
317, 548, 718.79, 657.23, 96.52, 138.01, 1, -1, -1, -1
318, 542, 795.01, 151.16, 134.86, 282.85, 1, -1, -1, -1
318, 547, 507.79, 535.41, 145.33, 250.82, 1, -1, -1, -1
318, 548, 716.00, 661.57, 94.72, 134.23, 1, -1, -1, -1
319, 542, 791.41, 149.32, 133.22, 281.16, 1, -1, -1, -1
319, 547, 501.10, 537.43, 146.54, 251.35, 1, -1, -1, -1
319, 548, 708.21, 664.15, 97.79, 138.81, 1, -1, -1, -1
320, 542, 788.73, 147.12, 133.44, 282.66, 1, -1, -1, -1
320, 547, 498.69, 539.97, 145.93, 248.34, 1, -1, -1, -1
320, 548, 697.51, 667.57, 100.35, 143.99, 1, -1, -1, -1
321, 542, 783.65, 144.42, 134.23, 285.52, 1, -1, -1, -1
321, 547, 492.39, 543.34, 148.42, 250.70, 1, -1, -1, -1
321, 548, 686.97, 670.11, 104.33, 151.79, 1, -1, -1, -1
322, 542, 779.52, 142.72, 131.81, 281.32, 1, -1, -1, -1
322, 547, 490.18, 546.97, 147.83, 247.64, 1, -1, -1, -1
322, 548, 679.04, 673.21, 105.52, 154.77, 1, -1, -1, -1
323, 542, 777.57, 141.07, 130.83, 280.17, 1, -1, -1, -1
323, 547, 483.92, 551.99, 149.56, 248.27, 1, -1, -1, -1
323, 548, 673.55, 676.59, 107.11, 158.35, 1, -1, -1, -1
324, 542, 775.39, 138.76, 131.41, 282.19, 1, -1, -1, -1
324, 547, 478.41, 557.34, 148.29, 244.22, 1, -1, -1, -1
324, 548, 664.28, 681.44, 107.72, 159.97, 1, -1, -1, -1
325, 542, 772.51, 137.20, 129.05, 277.28, 1, -1, -1, -1
325, 547, 471.56, 561.97, 149.00, 243.65, 1, -1, -1, -1
325, 548, 655.57, 684.70, 108.51, 160.18, 1, -1, -1, -1
326, 542, 770.54, 135.24, 128.72, 276.24, 1, -1, -1, -1
326, 547, 469.90, 567.88, 147.06, 238.26, 1, -1, -1, -1
326, 548, 651.06, 689.38, 108.60, 160.17, 1, -1, -1, -1
327, 542, 769.27, 134.46, 128.36, 275.14, 1, -1, -1, -1
327, 547, 464.47, 573.66, 147.44, 237.48, 1, -1, -1, -1
327, 548, 641.99, 692.91, 108.63, 159.31, 1, -1, -1, -1
328, 542, 765.68, 133.97, 128.38, 274.86, 1, -1, -1, -1
328, 547, 460.43, 578.17, 150.04, 240.38, 1, -1, -1, -1
328, 548, 638.17, 700.74, 106.37, 154.68, 1, -1, -1, -1
329, 542, 762.92, 132.74, 129.80, 277.54, 1, -1, -1, -1
329, 547, 454.89, 584.09, 150.98, 240.82, 1, -1, -1, -1
329, 548, 633.41, 708.55, 103.72, 149.43, 1, -1, -1, -1
330, 542, 761.63, 132.47, 130.31, 277.88, 1, -1, -1, -1
330, 547, 449.81, 590.00, 149.50, 236.33, 1, -1, -1, -1
330, 548, 626.97, 713.51, 103.25, 146.03, 1, -1, -1, -1
331, 542, 759.22, 132.74, 127.74, 271.43, 1, -1, -1, -1
331, 547, 446.96, 596.93, 149.03, 233.30, 1, -1, -1, -1
331, 548, 620.64, 721.09, 102.74, 142.65, 1, -1, -1, -1
332, 542, 758.07, 133.14, 126.91, 268.66, 1, -1, -1, -1
332, 547, 441.65, 603.64, 149.53, 232.33, 1, -1, -1, -1
332, 548, 613.52, 728.80, 102.25, 140.29, 1, -1, -1, -1
333, 542, 757.49, 133.34, 126.93, 267.42, 1, -1, -1, -1
333, 547, 436.04, 611.79, 148.56, 228.97, 1, -1, -1, -1
333, 548, 607.90, 738.00, 98.58, 134.43, 1, -1, -1, -1
334, 542, 756.45, 133.61, 127.25, 266.72, 1, -1, -1, -1
334, 547, 433.05, 620.51, 147.98, 225.90, 1, -1, -1, -1
334, 548, 596.48, 744.20, 99.21, 135.32, 1, -1, -1, -1
335, 542, 753.92, 132.86, 131.00, 273.89, 1, -1, -1, -1
335, 547, 427.18, 626.70, 149.79, 226.89, 1, -1, -1, -1
335, 548, 588.49, 751.63, 97.47, 133.20, 1, -1, -1, -1
336, 542, 750.31, 133.72, 131.50, 274.51, 1, -1, -1, -1
336, 547, 420.72, 631.16, 150.52, 225.19, 1, -1, -1, -1
336, 548, 581.29, 758.75, 97.30, 131.76, 1, -1, -1, -1
337, 542, 748.72, 133.44, 132.38, 275.95, 1, -1, -1, -1
337, 547, 417.43, 637.73, 150.92, 223.30, 1, -1, -1, -1
337, 548, 571.97, 764.97, 99.82, 134.27, 1, -1, -1, -1
338, 542, 747.84, 133.17, 133.00, 276.85, 1, -1, -1, -1
338, 547, 411.85, 644.10, 152.11, 223.30, 1, -1, -1, -1
338, 548, 565.53, 770.67, 98.97, 132.21, 1, -1, -1, -1
339, 542, 747.61, 133.58, 132.80, 276.30, 1, -1, -1, -1
339, 547, 408.83, 650.76, 153.34, 222.70, 1, -1, -1, -1
339, 548, 557.90, 776.38, 99.97, 132.62, 1, -1, -1, -1
340, 542, 747.30, 133.89, 132.56, 275.96, 1, -1, -1, -1
340, 547, 403.20, 657.88, 154.40, 222.00, 1, -1, -1, -1
340, 548, 551.32, 783.62, 100.54, 131.77, 1, -1, -1, -1
341, 542, 747.30, 132.32, 131.39, 273.62, 1, -1, -1, -1
341, 547, 400.84, 662.53, 155.25, 219.54, 1, -1, -1, -1
341, 548, 544.80, 792.03, 99.60, 128.72, 1, -1, -1, -1
342, 542, 744.40, 132.20, 129.88, 270.76, 1, -1, -1, -1
342, 547, 395.48, 669.15, 156.02, 217.51, 1, -1, -1, -1
342, 548, 541.03, 799.28, 100.49, 129.09, 1, -1, -1, -1
343, 542, 743.59, 132.00, 128.49, 268.31, 1, -1, -1, -1
343, 547, 387.26, 674.93, 159.02, 219.67, 1, -1, -1, -1
343, 548, 535.68, 805.40, 100.62, 128.58, 1, -1, -1, -1
344, 542, 742.88, 131.73, 128.08, 267.75, 1, -1, -1, -1
344, 547, 379.99, 681.66, 160.43, 219.71, 1, -1, -1, -1
344, 548, 528.55, 811.15, 102.80, 130.47, 1, -1, -1, -1
345, 542, 742.67, 131.61, 127.62, 267.09, 1, -1, -1, -1
345, 547, 376.50, 688.77, 162.10, 219.57, 1, -1, -1, -1
345, 548, 522.31, 819.11, 102.86, 129.71, 1, -1, -1, -1
346, 542, 742.57, 131.82, 127.46, 266.95, 1, -1, -1, -1
346, 547, 370.63, 696.20, 163.95, 219.11, 1, -1, -1, -1
346, 548, 519.54, 827.06, 101.85, 127.86, 1, -1, -1, -1
347, 542, 742.39, 131.59, 127.70, 267.41, 1, -1, -1, -1
347, 547, 366.71, 702.85, 167.49, 219.82, 1, -1, -1, -1
347, 548, 514.85, 834.56, 101.58, 126.81, 1, -1, -1, -1
348, 542, 742.68, 132.16, 127.36, 266.36, 1, -1, -1, -1
348, 547, 360.71, 709.57, 168.81, 219.40, 1, -1, -1, -1
348, 548, 509.81, 842.22, 99.69, 123.77, 1, -1, -1, -1
349, 542, 742.43, 133.40, 127.42, 265.91, 1, -1, -1, -1
349, 547, 358.51, 717.95, 169.40, 217.24, 1, -1, -1, -1
349, 548, 506.68, 850.50, 99.60, 122.86, 1, -1, -1, -1
350, 542, 741.47, 135.25, 129.23, 269.47, 1, -1, -1, -1
350, 547, 353.07, 726.20, 170.29, 215.43, 1, -1, -1, -1
350, 548, 501.02, 858.64, 100.59, 122.72, 1, -1, -1, -1
351, 542, 740.65, 136.35, 130.26, 271.75, 1, -1, -1, -1
351, 547, 346.01, 734.88, 171.34, 214.07, 1, -1, -1, -1
352, 542, 740.59, 138.36, 129.91, 271.03, 1, -1, -1, -1
352, 547, 342.95, 751.27, 173.04, 213.62, 1, -1, -1, -1
353, 542, 736.44, 139.70, 131.69, 275.70, 1, -1, -1, -1
353, 547, 336.29, 757.40, 175.60, 213.39, 1, -1, -1, -1
354, 542, 734.53, 140.75, 132.47, 277.40, 1, -1, -1, -1
354, 547, 333.33, 764.93, 177.42, 212.01, 1, -1, -1, -1
355, 542, 733.38, 140.83, 133.22, 279.04, 1, -1, -1, -1
355, 547, 328.25, 777.77, 177.69, 209.43, 1, -1, -1, -1
355, 548, 481.33, 904.05, 96.49, 115.34, 1, -1, -1, -1
356, 542, 732.84, 141.41, 133.38, 279.83, 1, -1, -1, -1
356, 547, 321.89, 787.81, 176.94, 206.61, 1, -1, -1, -1
357, 542, 732.40, 141.59, 133.49, 280.49, 1, -1, -1, -1
357, 547, 315.79, 797.17, 175.53, 203.68, 1, -1, -1, -1
358, 542, 732.59, 142.69, 132.49, 278.60, 1, -1, -1, -1
358, 548, 467.24, 932.79, 98.27, 114.21, 1, -1, -1, -1
359, 542, 732.92, 143.45, 131.44, 276.52, 1, -1, -1, -1
359, 547, 306.33, 814.60, 177.01, 200.46, 1, -1, -1, -1
360, 542, 730.31, 144.96, 129.88, 272.74, 1, -1, -1, -1
360, 547, 298.35, 825.38, 181.09, 202.00, 1, -1, -1, -1
361, 542, 729.51, 145.83, 128.58, 269.46, 1, -1, -1, -1
361, 547, 297.17, 846.06, 178.90, 195.78, 1, -1, -1, -1
362, 542, 729.76, 147.82, 126.77, 265.04, 1, -1, -1, -1
362, 547, 291.42, 853.58, 181.04, 194.55, 1, -1, -1, -1
363, 542, 730.40, 150.31, 125.17, 260.67, 1, -1, -1, -1
363, 547, 288.11, 865.49, 183.98, 192.55, 1, -1, -1, -1
364, 542, 729.35, 152.72, 127.20, 263.70, 1, -1, -1, -1
364, 547, 282.58, 876.67, 184.67, 188.79, 1, -1, -1, -1
365, 542, 729.66, 154.98, 127.11, 262.44, 1, -1, -1, -1
366, 542, 730.47, 158.21, 126.05, 258.72, 1, -1, -1, -1
367, 542, 733.24, 160.79, 128.75, 261.80, 1, -1, -1, -1
368, 542, 734.75, 163.38, 129.83, 261.53, 1, -1, -1, -1
369, 542, 734.29, 166.01, 132.78, 265.80, 1, -1, -1, -1
370, 542, 738.71, 170.76, 131.77, 261.08, 1, -1, -1, -1
371, 542, 739.76, 175.67, 133.01, 261.85, 1, -1, -1, -1
372, 542, 740.53, 179.70, 132.48, 259.16, 1, -1, -1, -1
373, 542, 740.56, 183.71, 133.32, 260.43, 1, -1, -1, -1
374, 542, 741.46, 187.62, 132.24, 258.44, 1, -1, -1, -1
375, 542, 741.15, 189.83, 134.10, 262.17, 1, -1, -1, -1
376, 542, 741.48, 192.66, 133.73, 261.71, 1, -1, -1, -1
377, 542, 741.88, 194.18, 133.32, 261.70, 1, -1, -1, -1
378, 542, 745.36, 197.25, 133.23, 262.39, 1, -1, -1, -1
378, 551, 856.79, -112.42, 100.46, 184.62, 1, -1, -1, -1
379, 542, 747.60, 199.26, 132.44, 261.89, 1, -1, -1, -1
379, 551, 855.43, -114.64, 103.21, 189.94, 1, -1, -1, -1
380, 542, 749.56, 202.77, 130.34, 258.30, 1, -1, -1, -1
381, 542, 750.37, 206.65, 130.26, 258.84, 1, -1, -1, -1
381, 551, 849.92, -125.61, 114.19, 210.28, 1, -1, -1, -1
382, 542, 753.92, 211.03, 131.07, 261.11, 1, -1, -1, -1
382, 551, 843.72, -127.65, 117.03, 216.04, 1, -1, -1, -1
383, 542, 755.61, 214.07, 131.61, 262.47, 1, -1, -1, -1
383, 551, 835.77, -128.82, 119.59, 221.46, 1, -1, -1, -1
384, 542, 756.30, 217.98, 132.40, 265.09, 1, -1, -1, -1
384, 551, 832.73, -128.26, 120.46, 223.80, 1, -1, -1, -1
385, 542, 758.54, 220.73, 135.20, 271.17, 1, -1, -1, -1
386, 542, 759.48, 224.82, 137.13, 275.75, 1, -1, -1, -1
387, 542, 760.35, 228.94, 136.88, 275.79, 1, -1, -1, -1
388, 542, 761.09, 233.39, 137.12, 277.49, 1, -1, -1, -1
388, 551, 825.46, -83.88, 118.66, 221.22, 1, -1, -1, -1
389, 542, 763.48, 236.18, 139.28, 283.24, 1, -1, -1, -1
389, 551, 817.09, -80.89, 125.62, 235.06, 1, -1, -1, -1
390, 542, 765.17, 238.89, 138.81, 283.64, 1, -1, -1, -1
390, 551, 812.54, -77.89, 130.40, 245.66, 1, -1, -1, -1
391, 542, 765.73, 241.64, 139.89, 287.34, 1, -1, -1, -1
391, 551, 807.56, -66.19, 130.61, 246.67, 1, -1, -1, -1
392, 542, 767.07, 244.42, 138.98, 286.89, 1, -1, -1, -1
392, 551, 805.41, -57.15, 130.45, 247.07, 1, -1, -1, -1
393, 542, 768.06, 246.76, 137.95, 285.64, 1, -1, -1, -1
393, 551, 800.95, -44.72, 129.95, 246.50, 1, -1, -1, -1
394, 542, 771.18, 248.84, 138.82, 287.97, 1, -1, -1, -1
394, 551, 799.69, -32.68, 127.02, 241.33, 1, -1, -1, -1
395, 542, 773.35, 251.06, 137.67, 285.96, 1, -1, -1, -1
395, 551, 795.86, -23.54, 125.47, 238.20, 1, -1, -1, -1
396, 542, 776.79, 253.93, 132.97, 275.19, 1, -1, -1, -1
396, 551, 794.20, -13.73, 123.35, 233.72, 1, -1, -1, -1
397, 542, 778.29, 257.65, 131.88, 271.94, 1, -1, -1, -1
397, 551, 790.83, -2.80, 120.35, 227.38, 1, -1, -1, -1
398, 542, 782.61, 260.25, 130.56, 268.70, 1, -1, -1, -1
398, 551, 786.30, 6.84, 118.31, 223.18, 1, -1, -1, -1
399, 542, 785.35, 263.71, 128.81, 263.92, 1, -1, -1, -1
399, 551, 782.68, 16.18, 119.04, 224.70, 1, -1, -1, -1
400, 542, 786.20, 267.30, 129.21, 263.81, 1, -1, -1, -1
400, 551, 778.21, 24.75, 118.47, 224.45, 1, -1, -1, -1
401, 542, 790.50, 271.45, 129.05, 261.20, 1, -1, -1, -1
401, 551, 774.97, 31.88, 118.36, 225.68, 1, -1, -1, -1
402, 542, 792.57, 275.93, 130.08, 261.04, 1, -1, -1, -1
402, 551, 770.96, 42.02, 115.13, 220.35, 1, -1, -1, -1
403, 542, 795.88, 278.90, 134.10, 266.66, 1, -1, -1, -1
403, 551, 765.53, 51.44, 113.14, 216.79, 1, -1, -1, -1
404, 542, 800.68, 282.47, 136.01, 267.69, 1, -1, -1, -1
404, 551, 759.61, 59.65, 112.65, 216.50, 1, -1, -1, -1
405, 542, 802.07, 287.12, 138.17, 269.98, 1, -1, -1, -1
405, 551, 755.95, 69.34, 113.72, 218.70, 1, -1, -1, -1
406, 542, 802.06, 291.62, 140.74, 273.51, 1, -1, -1, -1
406, 551, 751.40, 79.46, 113.88, 218.87, 1, -1, -1, -1
407, 542, 806.11, 295.46, 141.26, 272.30, 1, -1, -1, -1
407, 551, 748.07, 89.74, 115.34, 221.13, 1, -1, -1, -1
408, 542, 807.73, 299.71, 142.35, 273.33, 1, -1, -1, -1
408, 551, 742.49, 99.13, 117.00, 222.24, 1, -1, -1, -1
409, 542, 808.15, 304.24, 143.55, 275.42, 1, -1, -1, -1
409, 551, 738.93, 109.21, 120.08, 225.21, 1, -1, -1, -1
410, 542, 812.02, 306.24, 144.05, 275.76, 1, -1, -1, -1
410, 551, 737.38, 119.83, 121.31, 223.72, 1, -1, -1, -1
411, 542, 815.47, 309.07, 141.90, 270.89, 1, -1, -1, -1
411, 551, 731.81, 130.01, 124.10, 226.13, 1, -1, -1, -1
412, 542, 822.04, 310.65, 138.02, 262.12, 1, -1, -1, -1
412, 551, 729.22, 139.43, 125.07, 226.36, 1, -1, -1, -1
413, 542, 824.95, 313.72, 137.23, 260.44, 1, -1, -1, -1
413, 551, 724.29, 149.36, 124.69, 223.42, 1, -1, -1, -1
414, 542, 830.67, 316.56, 135.72, 257.11, 1, -1, -1, -1
414, 551, 717.57, 159.88, 125.36, 223.79, 1, -1, -1, -1
415, 542, 833.69, 318.70, 134.61, 254.24, 1, -1, -1, -1
415, 551, 711.42, 169.98, 123.61, 221.09, 1, -1, -1, -1
416, 542, 837.23, 320.85, 136.93, 258.54, 1, -1, -1, -1
416, 551, 705.67, 180.78, 120.99, 216.69, 1, -1, -1, -1
417, 542, 841.48, 323.86, 139.69, 263.98, 1, -1, -1, -1
417, 551, 698.64, 191.01, 121.33, 217.81, 1, -1, -1, -1
418, 542, 844.69, 326.74, 139.42, 263.74, 1, -1, -1, -1
418, 551, 695.57, 201.38, 120.10, 215.61, 1, -1, -1, -1
419, 542, 847.46, 327.98, 143.41, 271.53, 1, -1, -1, -1
419, 551, 689.51, 211.78, 122.60, 219.54, 1, -1, -1, -1
420, 542, 849.95, 330.30, 143.34, 271.74, 1, -1, -1, -1
420, 551, 684.69, 220.95, 127.83, 228.22, 1, -1, -1, -1
421, 542, 853.57, 332.35, 145.76, 276.91, 1, -1, -1, -1
421, 551, 679.01, 230.90, 130.03, 229.46, 1, -1, -1, -1
422, 542, 856.14, 333.83, 145.52, 277.05, 1, -1, -1, -1
422, 551, 675.12, 241.54, 133.29, 232.07, 1, -1, -1, -1
423, 542, 857.87, 334.95, 144.76, 276.44, 1, -1, -1, -1
423, 551, 669.64, 251.73, 134.85, 230.86, 1, -1, -1, -1
424, 542, 861.56, 335.68, 144.66, 277.51, 1, -1, -1, -1
424, 551, 665.99, 262.91, 137.36, 231.94, 1, -1, -1, -1
425, 542, 863.60, 336.17, 144.08, 277.43, 1, -1, -1, -1
425, 551, 660.51, 272.99, 138.44, 229.54, 1, -1, -1, -1
426, 542, 865.31, 336.22, 143.00, 277.00, 1, -1, -1, -1
426, 551, 656.68, 280.21, 141.72, 231.39, 1, -1, -1, -1
427, 542, 868.98, 334.59, 142.91, 278.49, 1, -1, -1, -1
427, 551, 651.60, 289.04, 142.13, 229.02, 1, -1, -1, -1
428, 542, 871.21, 332.54, 142.84, 280.20, 1, -1, -1, -1
428, 551, 648.25, 295.47, 144.88, 230.44, 1, -1, -1, -1
429, 542, 874.02, 330.09, 140.43, 277.11, 1, -1, -1, -1
429, 551, 647.32, 304.13, 144.44, 227.32, 1, -1, -1, -1
430, 542, 880.02, 327.03, 136.35, 269.99, 1, -1, -1, -1
430, 551, 643.54, 312.26, 143.04, 224.40, 1, -1, -1, -1
431, 542, 883.76, 324.41, 132.60, 262.75, 1, -1, -1, -1
431, 551, 638.36, 319.64, 142.00, 222.75, 1, -1, -1, -1
432, 542, 888.68, 321.55, 132.31, 261.98, 1, -1, -1, -1
432, 551, 632.53, 326.01, 140.42, 222.46, 1, -1, -1, -1
433, 542, 892.11, 318.51, 130.05, 257.04, 1, -1, -1, -1
433, 551, 629.77, 332.98, 138.72, 222.24, 1, -1, -1, -1
434, 542, 896.44, 315.89, 130.35, 257.23, 1, -1, -1, -1
434, 551, 627.79, 340.72, 133.05, 213.80, 1, -1, -1, -1
435, 542, 898.12, 313.02, 132.09, 260.17, 1, -1, -1, -1
435, 551, 627.03, 348.28, 129.81, 209.55, 1, -1, -1, -1
436, 542, 901.79, 311.00, 133.73, 262.98, 1, -1, -1, -1
436, 551, 626.58, 354.78, 129.10, 208.81, 1, -1, -1, -1
437, 542, 904.78, 308.51, 132.13, 259.63, 1, -1, -1, -1
437, 551, 621.69, 361.17, 130.12, 209.16, 1, -1, -1, -1
438, 542, 906.82, 306.78, 131.66, 259.07, 1, -1, -1, -1
438, 551, 614.77, 367.32, 132.69, 211.27, 1, -1, -1, -1
439, 542, 909.80, 304.41, 133.07, 262.41, 1, -1, -1, -1
439, 551, 615.27, 372.81, 134.94, 213.15, 1, -1, -1, -1
440, 542, 912.60, 300.92, 132.92, 262.41, 1, -1, -1, -1
440, 551, 610.57, 378.14, 138.36, 216.13, 1, -1, -1, -1
441, 542, 916.10, 296.80, 134.79, 266.49, 1, -1, -1, -1
441, 551, 613.96, 383.42, 137.29, 212.42, 1, -1, -1, -1
442, 542, 918.77, 294.78, 134.77, 267.30, 1, -1, -1, -1
442, 551, 611.02, 389.11, 137.51, 211.28, 1, -1, -1, -1
443, 542, 923.43, 290.46, 134.58, 267.62, 1, -1, -1, -1
443, 551, 604.46, 393.48, 139.99, 214.08, 1, -1, -1, -1
444, 542, 926.86, 285.89, 133.42, 266.16, 1, -1, -1, -1
444, 551, 602.71, 398.25, 137.95, 210.36, 1, -1, -1, -1
445, 542, 931.60, 281.96, 133.55, 266.91, 1, -1, -1, -1
445, 551, 597.50, 403.96, 137.13, 208.61, 1, -1, -1, -1
446, 542, 937.35, 276.61, 133.01, 265.73, 1, -1, -1, -1
446, 551, 592.27, 409.27, 133.54, 203.41, 1, -1, -1, -1
447, 542, 941.52, 271.73, 131.02, 261.69, 1, -1, -1, -1
447, 551, 586.37, 415.69, 131.12, 200.74, 1, -1, -1, -1
448, 542, 947.05, 267.18, 129.29, 258.09, 1, -1, -1, -1
448, 551, 579.32, 422.25, 129.86, 199.86, 1, -1, -1, -1
449, 542, 949.05, 262.15, 130.87, 261.72, 1, -1, -1, -1
449, 551, 570.68, 426.85, 132.34, 205.45, 1, -1, -1, -1
450, 542, 952.99, 256.56, 131.70, 263.40, 1, -1, -1, -1
450, 551, 564.99, 433.06, 138.79, 215.58, 1, -1, -1, -1
451, 542, 954.79, 252.32, 132.88, 266.55, 1, -1, -1, -1
451, 551, 556.41, 439.56, 146.36, 227.59, 1, -1, -1, -1
452, 542, 956.71, 248.73, 131.79, 264.86, 1, -1, -1, -1
452, 551, 547.52, 444.80, 152.97, 237.35, 1, -1, -1, -1
453, 542, 960.51, 245.54, 132.29, 266.38, 1, -1, -1, -1
453, 551, 542.40, 450.03, 157.62, 243.48, 1, -1, -1, -1
454, 542, 962.66, 241.72, 131.83, 265.79, 1, -1, -1, -1
454, 551, 536.68, 457.75, 159.32, 243.46, 1, -1, -1, -1
455, 542, 965.75, 237.64, 133.95, 270.21, 1, -1, -1, -1
455, 551, 534.07, 464.82, 160.94, 242.99, 1, -1, -1, -1
456, 542, 966.89, 234.24, 135.68, 274.41, 1, -1, -1, -1
456, 551, 531.84, 470.80, 163.20, 244.22, 1, -1, -1, -1
457, 542, 967.07, 231.73, 137.02, 278.10, 1, -1, -1, -1
457, 551, 527.96, 480.48, 161.30, 239.38, 1, -1, -1, -1
458, 542, 967.51, 227.98, 137.15, 279.24, 1, -1, -1, -1
458, 551, 526.38, 488.91, 160.61, 236.22, 1, -1, -1, -1
459, 542, 967.50, 223.85, 138.02, 282.60, 1, -1, -1, -1
459, 551, 523.29, 495.94, 156.95, 228.79, 1, -1, -1, -1
460, 542, 967.28, 220.65, 138.78, 286.01, 1, -1, -1, -1
460, 551, 522.05, 502.87, 154.94, 224.73, 1, -1, -1, -1
461, 542, 968.10, 217.13, 137.09, 284.42, 1, -1, -1, -1
461, 551, 517.57, 510.48, 152.29, 221.32, 1, -1, -1, -1
462, 542, 972.04, 212.77, 135.21, 282.24, 1, -1, -1, -1
462, 551, 511.12, 519.19, 145.13, 211.11, 1, -1, -1, -1
463, 542, 974.48, 208.38, 132.66, 278.12, 1, -1, -1, -1
463, 551, 508.78, 526.64, 140.12, 204.67, 1, -1, -1, -1
464, 542, 976.80, 204.36, 129.34, 271.49, 1, -1, -1, -1
464, 551, 504.19, 533.61, 137.47, 202.38, 1, -1, -1, -1
465, 542, 978.80, 200.86, 126.12, 264.57, 1, -1, -1, -1
465, 551, 499.91, 542.68, 133.93, 197.51, 1, -1, -1, -1
466, 542, 979.42, 197.81, 125.84, 263.93, 1, -1, -1, -1
466, 551, 498.89, 552.31, 131.19, 193.29, 1, -1, -1, -1
467, 542, 980.10, 193.84, 125.05, 261.84, 1, -1, -1, -1
467, 551, 492.39, 559.27, 134.05, 196.37, 1, -1, -1, -1
468, 542, 980.21, 191.25, 125.11, 262.01, 1, -1, -1, -1
468, 551, 482.31, 566.81, 141.41, 205.82, 1, -1, -1, -1
469, 542, 979.62, 188.67, 126.49, 265.28, 1, -1, -1, -1
469, 551, 477.11, 576.76, 145.95, 210.89, 1, -1, -1, -1
470, 542, 979.10, 186.77, 127.92, 268.49, 1, -1, -1, -1
470, 551, 475.31, 585.96, 147.22, 211.78, 1, -1, -1, -1
471, 542, 978.73, 184.89, 129.09, 271.67, 1, -1, -1, -1
471, 551, 470.02, 593.86, 148.81, 212.99, 1, -1, -1, -1
472, 542, 980.94, 182.13, 131.18, 276.88, 1, -1, -1, -1
472, 551, 462.54, 603.35, 151.86, 216.73, 1, -1, -1, -1
473, 542, 981.48, 180.36, 132.84, 281.07, 1, -1, -1, -1
473, 551, 456.40, 613.74, 150.32, 214.03, 1, -1, -1, -1
474, 542, 981.80, 179.25, 133.79, 283.66, 1, -1, -1, -1
474, 551, 450.06, 623.07, 148.92, 210.75, 1, -1, -1, -1
475, 542, 983.30, 178.14, 131.91, 279.83, 1, -1, -1, -1
475, 551, 447.65, 631.70, 147.88, 208.04, 1, -1, -1, -1
476, 542, 983.99, 176.63, 131.64, 279.53, 1, -1, -1, -1
476, 551, 439.43, 640.95, 145.19, 203.40, 1, -1, -1, -1
477, 542, 984.83, 175.64, 130.94, 278.89, 1, -1, -1, -1
477, 551, 432.99, 651.70, 141.06, 196.13, 1, -1, -1, -1
478, 542, 988.49, 172.25, 130.34, 278.24, 1, -1, -1, -1
478, 551, 426.63, 661.61, 138.12, 190.48, 1, -1, -1, -1
479, 542, 990.38, 170.61, 129.95, 277.71, 1, -1, -1, -1
479, 551, 417.77, 672.11, 139.77, 191.44, 1, -1, -1, -1
480, 542, 992.33, 168.21, 127.87, 273.38, 1, -1, -1, -1
480, 551, 404.01, 683.07, 144.99, 196.75, 1, -1, -1, -1
481, 542, 993.82, 167.43, 126.22, 269.56, 1, -1, -1, -1
481, 551, 394.84, 692.42, 154.54, 208.82, 1, -1, -1, -1
482, 542, 994.45, 166.18, 126.02, 268.85, 1, -1, -1, -1
482, 551, 382.76, 703.03, 166.59, 224.84, 1, -1, -1, -1
483, 542, 997.95, 163.34, 125.25, 266.67, 1, -1, -1, -1
483, 551, 371.69, 713.60, 175.21, 236.94, 1, -1, -1, -1
484, 542, 999.44, 162.01, 125.20, 266.09, 1, -1, -1, -1
484, 551, 361.94, 724.78, 181.10, 244.43, 1, -1, -1, -1
485, 542, 999.99, 161.35, 125.38, 266.12, 1, -1, -1, -1
485, 551, 351.90, 736.50, 186.22, 249.46, 1, -1, -1, -1
486, 542, 1000.60, 161.46, 124.89, 265.01, 1, -1, -1, -1
486, 551, 344.06, 750.29, 188.10, 249.86, 1, -1, -1, -1
487, 542, 1000.68, 162.09, 125.17, 264.90, 1, -1, -1, -1
487, 551, 337.61, 766.20, 187.53, 246.87, 1, -1, -1, -1
488, 542, 1000.38, 162.56, 125.54, 265.10, 1, -1, -1, -1
488, 551, 335.58, 782.39, 186.34, 243.17, 1, -1, -1, -1
489, 542, 999.49, 163.83, 127.34, 268.81, 1, -1, -1, -1
489, 551, 332.01, 799.99, 182.17, 236.63, 1, -1, -1, -1
490, 542, 999.17, 165.62, 127.72, 269.81, 1, -1, -1, -1
490, 551, 328.56, 818.65, 176.33, 227.57, 1, -1, -1, -1
491, 542, 998.86, 166.87, 127.97, 270.46, 1, -1, -1, -1
491, 551, 324.69, 834.70, 169.25, 216.45, 1, -1, -1, -1
492, 542, 997.81, 167.90, 130.19, 275.41, 1, -1, -1, -1
492, 551, 317.80, 853.87, 160.30, 204.24, 1, -1, -1, -1
493, 542, 996.87, 168.27, 131.42, 278.57, 1, -1, -1, -1
493, 551, 312.05, 871.46, 152.98, 194.74, 1, -1, -1, -1
494, 542, 993.97, 169.97, 130.17, 276.46, 1, -1, -1, -1
494, 551, 301.60, 887.90, 149.02, 189.23, 1, -1, -1, -1
495, 542, 992.57, 170.74, 129.74, 276.07, 1, -1, -1, -1
495, 551, 289.37, 904.07, 155.40, 196.21, 1, -1, -1, -1
496, 542, 992.03, 171.61, 128.79, 274.36, 1, -1, -1, -1
496, 551, 277.19, 919.77, 164.68, 206.94, 1, -1, -1, -1
497, 542, 992.01, 172.46, 127.66, 272.48, 1, -1, -1, -1
498, 542, 992.49, 174.06, 125.90, 268.97, 1, -1, -1, -1
499, 542, 992.40, 174.96, 125.33, 267.73, 1, -1, -1, -1
500, 542, 992.36, 175.88, 124.55, 265.77, 1, -1, -1, -1
501, 542, 992.46, 176.97, 123.84, 264.30, 1, -1, -1, -1
502, 542, 989.84, 178.94, 122.68, 261.89, 1, -1, -1, -1
503, 542, 987.97, 181.28, 123.89, 264.64, 1, -1, -1, -1
504, 542, 987.12, 182.89, 124.70, 266.18, 1, -1, -1, -1
505, 542, 985.76, 185.26, 126.79, 270.93, 1, -1, -1, -1
506, 542, 985.76, 188.23, 126.67, 270.80, 1, -1, -1, -1
507, 542, 985.47, 191.90, 127.77, 273.51, 1, -1, -1, -1
508, 542, 984.72, 195.22, 129.80, 278.52, 1, -1, -1, -1
509, 542, 987.50, 196.84, 130.99, 281.24, 1, -1, -1, -1
510, 542, 988.39, 200.29, 132.29, 284.19, 1, -1, -1, -1
511, 542, 989.74, 203.66, 131.60, 282.60, 1, -1, -1, -1
512, 542, 990.98, 206.41, 130.34, 279.73, 1, -1, -1, -1
513, 542, 991.44, 209.86, 130.49, 280.06, 1, -1, -1, -1
514, 542, 992.71, 213.27, 129.09, 277.05, 1, -1, -1, -1
515, 542, 996.53, 215.43, 128.33, 275.15, 1, -1, -1, -1
516, 542, 999.18, 218.60, 126.17, 269.60, 1, -1, -1, -1
517, 542, 1000.90, 221.09, 124.44, 265.11, 1, -1, -1, -1
518, 542, 1000.99, 223.73, 125.55, 266.87, 1, -1, -1, -1
519, 542, 1002.27, 227.67, 123.63, 261.88, 1, -1, -1, -1
520, 542, 1002.02, 231.98, 124.35, 263.07, 1, -1, -1, -1
521, 542, 1002.46, 236.23, 123.57, 260.44, 1, -1, -1, -1
522, 542, 1002.52, 241.20, 123.70, 259.90, 1, -1, -1, -1
523, 542, 1005.59, 244.80, 124.04, 258.95, 1, -1, -1, -1
523, 553, 464.00, -45.64, 75.14, 95.15, 1, -1, -1, -1
524, 542, 1005.65, 250.85, 126.98, 263.99, 1, -1, -1, -1
524, 553, 460.57, -29.13, 72.86, 91.35, 1, -1, -1, -1
525, 542, 1005.08, 256.42, 129.35, 268.40, 1, -1, -1, -1
525, 553, 459.39, -24.64, 80.07, 99.27, 1, -1, -1, -1
526, 542, 1004.23, 262.19, 130.98, 271.24, 1, -1, -1, -1
526, 553, 448.55, -26.41, 95.60, 118.06, 1, -1, -1, -1
527, 542, 1003.85, 266.93, 131.16, 271.19, 1, -1, -1, -1
527, 553, 443.61, -28.02, 102.42, 125.50, 1, -1, -1, -1
528, 542, 1003.36, 272.50, 131.96, 272.78, 1, -1, -1, -1
528, 553, 443.15, -22.96, 103.61, 125.61, 1, -1, -1, -1
528, 554, 1493.50, -93.45, 147.52, 240.03, 1, -1, -1, -1
529, 542, 1002.97, 278.53, 132.20, 273.25, 1, -1, -1, -1
529, 553, 442.08, -16.61, 104.22, 124.80, 1, -1, -1, -1
529, 554, 1495.30, -91.84, 144.22, 234.75, 1, -1, -1, -1
530, 542, 1000.04, 285.27, 132.06, 272.95, 1, -1, -1, -1
530, 553, 438.90, -12.48, 109.34, 130.17, 1, -1, -1, -1
530, 554, 1497.31, -78.46, 140.43, 228.49, 1, -1, -1, -1
531, 542, 998.32, 290.42, 132.72, 274.80, 1, -1, -1, -1
531, 553, 438.51, -5.06, 108.94, 128.71, 1, -1, -1, -1
532, 542, 998.22, 295.33, 130.93, 271.10, 1, -1, -1, -1
532, 553, 435.48, -1.26, 114.35, 134.87, 1, -1, -1, -1
533, 542, 998.66, 300.15, 128.29, 265.21, 1, -1, -1, -1
533, 553, 432.23, 6.46, 114.14, 133.72, 1, -1, -1, -1
534, 542, 998.89, 305.64, 127.22, 262.57, 1, -1, -1, -1
534, 553, 428.12, 12.46, 118.27, 138.21, 1, -1, -1, -1
534, 556, 1144.46, -114.79, 103.67, 169.21, 1, -1, -1, -1
535, 542, 999.89, 310.68, 124.90, 257.25, 1, -1, -1, -1
535, 553, 428.65, 22.68, 114.93, 132.62, 1, -1, -1, -1
535, 556, 1145.84, -116.10, 103.82, 169.27, 1, -1, -1, -1
535, 554, 1492.78, -87.69, 163.93, 268.29, 1, -1, -1, -1
536, 542, 1000.05, 316.52, 124.48, 255.66, 1, -1, -1, -1
536, 553, 425.53, 30.55, 115.07, 131.54, 1, -1, -1, -1
536, 556, 1151.75, -116.25, 103.57, 168.56, 1, -1, -1, -1
536, 554, 1499.15, -75.34, 160.48, 263.14, 1, -1, -1, -1
537, 542, 999.85, 321.97, 124.87, 255.74, 1, -1, -1, -1
537, 553, 426.89, 37.62, 115.20, 130.29, 1, -1, -1, -1
537, 556, 1154.33, -111.37, 102.68, 166.78, 1, -1, -1, -1
537, 554, 1501.48, -66.77, 159.62, 263.20, 1, -1, -1, -1
538, 542, 998.83, 327.92, 126.33, 257.51, 1, -1, -1, -1
538, 553, 422.72, 44.05, 118.68, 133.43, 1, -1, -1, -1
538, 556, 1162.14, -113.46, 107.61, 174.93, 1, -1, -1, -1
538, 554, 1505.03, -50.65, 153.48, 254.77, 1, -1, -1, -1
539, 542, 997.17, 332.55, 129.36, 262.39, 1, -1, -1, -1
539, 553, 421.18, 51.39, 119.62, 133.41, 1, -1, -1, -1
539, 556, 1164.24, -115.94, 110.47, 180.24, 1, -1, -1, -1
539, 554, 1506.23, -45.31, 151.70, 253.67, 1, -1, -1, -1
539, 560, 934.29, -109.34, 100.33, 180.78, 1, -1, -1, -1
540, 542, 995.93, 338.37, 131.53, 265.45, 1, -1, -1, -1
540, 553, 418.30, 61.28, 122.41, 136.03, 1, -1, -1, -1
540, 556, 1168.38, -117.88, 113.54, 186.09, 1, -1, -1, -1
540, 554, 1507.58, -38.82, 149.74, 252.09, 1, -1, -1, -1
540, 560, 933.58, -110.20, 102.02, 183.84, 1, -1, -1, -1
540, 561, 416.08, -35.19, 160.21, 159.12, 1, -1, -1, -1
541, 542, 995.44, 345.31, 132.63, 266.50, 1, -1, -1, -1
541, 553, 416.90, 69.75, 124.16, 136.77, 1, -1, -1, -1
541, 556, 1170.54, -116.67, 113.82, 187.86, 1, -1, -1, -1
541, 554, 1512.24, -35.07, 148.03, 250.79, 1, -1, -1, -1
541, 561, 407.53, -41.34, 175.40, 174.78, 1, -1, -1, -1
542, 542, 994.49, 351.83, 134.74, 269.12, 1, -1, -1, -1
542, 553, 411.93, 75.99, 127.34, 139.66, 1, -1, -1, -1
542, 556, 1174.03, -118.22, 117.40, 195.31, 1, -1, -1, -1
542, 554, 1515.12, -29.29, 145.98, 248.85, 1, -1, -1, -1
542, 561, 402.18, -36.24, 184.21, 184.23, 1, -1, -1, -1
543, 542, 992.31, 358.23, 139.40, 277.62, 1, -1, -1, -1
543, 553, 411.24, 85.74, 124.97, 136.11, 1, -1, -1, -1
543, 556, 1179.68, -119.46, 118.83, 198.65, 1, -1, -1, -1
543, 554, 1517.22, -26.06, 144.03, 246.62, 1, -1, -1, -1
543, 561, 399.07, -31.23, 181.32, 182.06, 1, -1, -1, -1
543, 562, 268.50, -100.77, 99.04, 152.74, 1, -1, -1, -1
544, 542, 990.73, 364.24, 142.42, 282.95, 1, -1, -1, -1
544, 553, 409.70, 97.02, 126.01, 136.17, 1, -1, -1, -1
544, 556, 1180.33, -122.23, 122.39, 205.11, 1, -1, -1, -1
544, 554, 1518.00, -21.16, 143.62, 245.87, 1, -1, -1, -1
544, 561, 400.06, -25.58, 173.81, 174.91, 1, -1, -1, -1
544, 562, 247.28, -100.40, 96.75, 148.65, 1, -1, -1, -1
545, 542, 990.59, 371.23, 143.37, 284.49, 1, -1, -1, -1
545, 553, 407.35, 104.64, 128.24, 137.82, 1, -1, -1, -1
545, 556, 1183.55, -123.85, 126.15, 211.92, 1, -1, -1, -1
545, 554, 1521.95, -18.67, 143.17, 244.42, 1, -1, -1, -1
545, 561, 392.53, -20.02, 179.55, 182.06, 1, -1, -1, -1
545, 562, 243.89, -99.88, 99.38, 151.97, 1, -1, -1, -1
546, 542, 989.73, 377.54, 144.97, 287.18, 1, -1, -1, -1
546, 553, 406.05, 112.04, 129.91, 138.27, 1, -1, -1, -1
546, 554, 1524.14, -16.52, 142.12, 242.52, 1, -1, -1, -1
546, 561, 388.00, -14.90, 184.29, 188.11, 1, -1, -1, -1
547, 542, 989.52, 384.25, 145.61, 287.82, 1, -1, -1, -1
547, 553, 404.90, 122.33, 126.44, 133.00, 1, -1, -1, -1
547, 554, 1525.92, -14.66, 140.50, 239.18, 1, -1, -1, -1
547, 561, 389.84, -9.11, 178.72, 183.31, 1, -1, -1, -1
547, 556, 1182.27, -130.90, 134.08, 226.80, 1, -1, -1, -1
547, 562, 227.20, -107.20, 108.78, 165.06, 1, -1, -1, -1
548, 542, 989.99, 389.94, 144.90, 284.29, 1, -1, -1, -1
548, 553, 402.26, 130.10, 127.63, 133.39, 1, -1, -1, -1
548, 554, 1526.52, -10.09, 140.25, 237.84, 1, -1, -1, -1
548, 561, 387.99, -1.79, 174.64, 180.30, 1, -1, -1, -1
548, 562, 224.67, -108.71, 110.58, 165.84, 1, -1, -1, -1
549, 542, 989.55, 396.54, 144.93, 282.53, 1, -1, -1, -1
549, 553, 396.41, 139.38, 130.92, 136.26, 1, -1, -1, -1
549, 554, 1526.04, -7.82, 141.27, 238.71, 1, -1, -1, -1
549, 561, 383.56, 5.50, 179.93, 186.67, 1, -1, -1, -1
549, 562, 214.89, -112.45, 120.08, 177.51, 1, -1, -1, -1
550, 542, 986.82, 404.89, 143.49, 277.33, 1, -1, -1, -1
550, 553, 393.24, 148.87, 132.41, 137.03, 1, -1, -1, -1
550, 554, 1524.66, -5.22, 144.00, 242.43, 1, -1, -1, -1
550, 561, 382.95, 11.40, 178.38, 185.39, 1, -1, -1, -1
551, 542, 986.51, 411.81, 140.76, 268.91, 1, -1, -1, -1
551, 553, 389.30, 157.58, 136.42, 141.24, 1, -1, -1, -1
551, 554, 1522.67, -2.11, 147.90, 247.75, 1, -1, -1, -1
551, 561, 378.58, 20.76, 178.17, 186.21, 1, -1, -1, -1
551, 563, 192.88, -44.02, 150.24, 135.29, 1, -1, -1, -1
552, 542, 985.94, 418.52, 140.24, 265.45, 1, -1, -1, -1
552, 553, 388.48, 167.24, 136.20, 140.95, 1, -1, -1, -1
552, 554, 1520.41, 1.82, 151.97, 253.00, 1, -1, -1, -1
552, 561, 376.08, 27.97, 180.25, 189.50, 1, -1, -1, -1
552, 563, 187.88, -40.97, 158.42, 142.87, 1, -1, -1, -1
553, 542, 984.35, 424.00, 142.24, 266.67, 1, -1, -1, -1
553, 553, 384.84, 176.36, 136.37, 140.89, 1, -1, -1, -1
553, 554, 1519.61, 5.33, 153.21, 253.83, 1, -1, -1, -1
553, 561, 375.44, 36.72, 179.42, 189.28, 1, -1, -1, -1
553, 563, 185.03, -35.74, 163.73, 147.81, 1, -1, -1, -1
554, 542, 983.51, 431.02, 142.78, 266.03, 1, -1, -1, -1
554, 553, 380.98, 184.99, 139.57, 144.50, 1, -1, -1, -1
554, 554, 1518.42, 9.14, 155.57, 257.81, 1, -1, -1, -1
554, 561, 372.89, 45.37, 176.69, 186.97, 1, -1, -1, -1
554, 563, 179.98, -30.59, 166.41, 150.56, 1, -1, -1, -1
554, 556, 1210.09, -58.06, 117.70, 202.01, 1, -1, -1, -1
555, 542, 982.80, 438.36, 143.36, 265.23, 1, -1, -1, -1
555, 553, 375.61, 193.26, 141.85, 147.19, 1, -1, -1, -1
555, 554, 1518.03, 14.30, 157.00, 260.26, 1, -1, -1, -1
555, 561, 369.88, 53.33, 176.25, 186.41, 1, -1, -1, -1
555, 563, 174.15, -30.06, 172.77, 156.99, 1, -1, -1, -1
555, 556, 1217.19, -47.68, 114.15, 199.43, 1, -1, -1, -1
556, 542, 979.24, 446.53, 143.40, 263.00, 1, -1, -1, -1
556, 553, 375.68, 204.60, 136.29, 140.62, 1, -1, -1, -1
556, 554, 1517.09, 18.92, 159.19, 264.36, 1, -1, -1, -1
556, 561, 365.00, 59.27, 183.79, 195.13, 1, -1, -1, -1
556, 563, 173.87, -17.38, 164.70, 149.59, 1, -1, -1, -1
556, 556, 1220.72, -39.71, 111.38, 197.86, 1, -1, -1, -1
556, 560, 961.75, -26.05, 89.20, 158.78, 1, -1, -1, -1
557, 542, 975.69, 452.56, 146.94, 266.71, 1, -1, -1, -1
557, 553, 370.31, 213.29, 139.43, 144.25, 1, -1, -1, -1
557, 554, 1516.33, 24.33, 160.85, 267.81, 1, -1, -1, -1
557, 561, 361.54, 68.27, 182.51, 194.60, 1, -1, -1, -1
557, 563, 166.48, -10.31, 166.77, 151.86, 1, -1, -1, -1
557, 556, 1223.69, -34.93, 107.21, 193.25, 1, -1, -1, -1
558, 542, 974.19, 460.18, 148.40, 265.77, 1, -1, -1, -1
558, 553, 367.74, 222.12, 140.60, 145.14, 1, -1, -1, -1
558, 554, 1516.21, 30.40, 161.34, 269.37, 1, -1, -1, -1
558, 561, 360.15, 77.51, 180.92, 192.83, 1, -1, -1, -1
558, 563, 165.00, -2.32, 164.75, 150.30, 1, -1, -1, -1
558, 556, 1224.01, -35.80, 107.70, 197.19, 1, -1, -1, -1
558, 560, 960.53, -42.06, 102.32, 182.55, 1, -1, -1, -1
559, 542, 971.39, 465.82, 152.56, 269.88, 1, -1, -1, -1
559, 553, 366.86, 230.68, 139.73, 143.74, 1, -1, -1, -1
559, 554, 1517.34, 35.48, 159.00, 266.62, 1, -1, -1, -1
559, 561, 358.29, 83.98, 183.14, 195.07, 1, -1, -1, -1
559, 563, 165.48, 7.51, 160.07, 146.09, 1, -1, -1, -1
559, 556, 1224.26, -37.47, 108.17, 201.22, 1, -1, -1, -1
559, 560, 959.17, -47.83, 107.21, 192.41, 1, -1, -1, -1
560, 542, 966.10, 474.28, 156.20, 274.16, 1, -1, -1, -1
560, 553, 363.40, 239.60, 137.62, 141.50, 1, -1, -1, -1
560, 554, 1517.85, 40.42, 158.08, 266.39, 1, -1, -1, -1
560, 561, 355.97, 92.00, 181.32, 193.34, 1, -1, -1, -1
560, 563, 163.74, 16.64, 155.24, 141.06, 1, -1, -1, -1
560, 556, 1227.74, -33.41, 106.93, 201.22, 1, -1, -1, -1
560, 560, 957.61, -53.33, 112.25, 202.75, 1, -1, -1, -1
561, 542, 962.56, 478.09, 159.46, 277.16, 1, -1, -1, -1
561, 553, 360.73, 247.17, 138.51, 142.09, 1, -1, -1, -1
561, 554, 1519.21, 44.57, 155.55, 263.20, 1, -1, -1, -1
561, 561, 351.14, 99.41, 179.08, 191.54, 1, -1, -1, -1
561, 563, 158.80, 22.18, 159.84, 145.18, 1, -1, -1, -1
561, 556, 1228.96, -33.89, 107.89, 205.48, 1, -1, -1, -1
561, 560, 956.83, -51.90, 114.57, 207.52, 1, -1, -1, -1
562, 542, 958.95, 481.20, 163.57, 282.63, 1, -1, -1, -1
562, 553, 358.38, 255.80, 141.30, 145.41, 1, -1, -1, -1
562, 554, 1518.86, 47.80, 156.09, 265.06, 1, -1, -1, -1
562, 561, 349.98, 107.79, 176.22, 188.72, 1, -1, -1, -1
562, 563, 152.74, 25.25, 168.77, 153.81, 1, -1, -1, -1
562, 556, 1229.56, -34.75, 108.64, 208.89, 1, -1, -1, -1
562, 560, 955.86, -52.84, 117.33, 213.10, 1, -1, -1, -1
563, 542, 954.44, 486.63, 164.79, 283.77, 1, -1, -1, -1
563, 553, 356.01, 263.42, 138.29, 141.80, 1, -1, -1, -1
563, 554, 1519.59, 50.61, 154.47, 262.84, 1, -1, -1, -1
563, 561, 346.85, 113.50, 178.92, 191.32, 1, -1, -1, -1
563, 563, 150.90, 30.62, 164.82, 149.97, 1, -1, -1, -1
563, 556, 1229.88, -32.46, 109.73, 212.81, 1, -1, -1, -1
563, 560, 954.69, -55.32, 120.53, 219.59, 1, -1, -1, -1
564, 542, 951.52, 489.21, 165.98, 283.53, 1, -1, -1, -1
564, 553, 352.61, 269.39, 139.63, 142.99, 1, -1, -1, -1
564, 554, 1520.98, 53.21, 151.67, 258.27, 1, -1, -1, -1
564, 561, 344.75, 117.99, 182.56, 195.32, 1, -1, -1, -1
564, 563, 148.49, 34.38, 166.80, 151.98, 1, -1, -1, -1
564, 556, 1229.75, -33.23, 111.19, 217.80, 1, -1, -1, -1
564, 560, 958.28, -50.83, 119.88, 218.91, 1, -1, -1, -1
565, 542, 947.81, 493.08, 163.98, 277.95, 1, -1, -1, -1
565, 553, 350.19, 274.03, 141.99, 145.01, 1, -1, -1, -1
565, 554, 1522.15, 54.82, 149.44, 254.38, 1, -1, -1, -1
565, 561, 343.11, 124.42, 177.69, 190.19, 1, -1, -1, -1
565, 563, 146.49, 36.66, 168.13, 153.78, 1, -1, -1, -1
565, 556, 1232.69, -33.81, 111.47, 220.53, 1, -1, -1, -1
565, 560, 960.31, -48.64, 119.08, 217.98, 1, -1, -1, -1
566, 542, 946.72, 495.76, 161.77, 273.13, 1, -1, -1, -1
566, 553, 345.97, 280.00, 142.97, 145.87, 1, -1, -1, -1
566, 554, 1522.94, 56.27, 147.63, 251.25, 1, -1, -1, -1
566, 561, 338.19, 127.51, 182.15, 195.61, 1, -1, -1, -1
566, 563, 141.80, 41.44, 169.29, 154.93, 1, -1, -1, -1
566, 556, 1234.26, -34.16, 111.01, 221.89, 1, -1, -1, -1
566, 560, 961.38, -48.31, 119.10, 218.71, 1, -1, -1, -1
567, 542, 946.30, 498.07, 159.23, 266.94, 1, -1, -1, -1
567, 553, 344.05, 285.26, 144.16, 146.77, 1, -1, -1, -1
567, 554, 1523.44, 57.30, 146.70, 249.51, 1, -1, -1, -1
567, 561, 335.96, 131.15, 185.91, 200.09, 1, -1, -1, -1
567, 563, 138.22, 45.83, 172.44, 158.57, 1, -1, -1, -1
567, 556, 1234.70, -31.87, 111.71, 225.27, 1, -1, -1, -1
567, 560, 961.94, -49.18, 119.96, 220.76, 1, -1, -1, -1
568, 542, 943.13, 499.98, 156.96, 261.92, 1, -1, -1, -1
568, 553, 344.37, 290.18, 141.91, 143.76, 1, -1, -1, -1
568, 554, 1523.75, 57.74, 145.88, 248.17, 1, -1, -1, -1
568, 561, 336.56, 135.51, 183.78, 197.18, 1, -1, -1, -1
568, 563, 139.09, 52.69, 168.66, 154.78, 1, -1, -1, -1
568, 556, 1234.93, -32.31, 113.10, 229.57, 1, -1, -1, -1
568, 560, 965.24, -50.47, 120.89, 222.62, 1, -1, -1, -1
569, 542, 941.50, 500.84, 156.13, 259.08, 1, -1, -1, -1
569, 553, 342.19, 294.53, 144.54, 146.49, 1, -1, -1, -1
569, 554, 1523.64, 57.65, 145.96, 248.67, 1, -1, -1, -1
569, 561, 332.27, 138.89, 185.42, 199.26, 1, -1, -1, -1
569, 563, 135.84, 56.79, 167.71, 153.72, 1, -1, -1, -1
569, 556, 1234.97, -33.60, 114.33, 233.25, 1, -1, -1, -1
569, 560, 967.08, -54.69, 121.21, 223.36, 1, -1, -1, -1
570, 542, 938.06, 498.73, 154.22, 255.17, 1, -1, -1, -1
570, 553, 337.77, 298.58, 147.43, 149.61, 1, -1, -1, -1
570, 554, 1523.32, 57.44, 146.60, 250.18, 1, -1, -1, -1
570, 561, 328.94, 142.17, 189.35, 204.49, 1, -1, -1, -1
570, 563, 133.62, 57.54, 168.14, 153.38, 1, -1, -1, -1
570, 556, 1238.27, -37.44, 113.65, 233.08, 1, -1, -1, -1
570, 560, 970.38, -48.33, 116.90, 214.80, 1, -1, -1, -1
571, 542, 935.77, 496.99, 154.21, 253.85, 1, -1, -1, -1
571, 553, 335.87, 300.71, 148.66, 150.74, 1, -1, -1, -1
571, 554, 1523.24, 57.48, 146.84, 251.39, 1, -1, -1, -1
571, 561, 328.93, 145.67, 187.82, 203.09, 1, -1, -1, -1
571, 563, 131.59, 60.83, 169.58, 154.40, 1, -1, -1, -1
571, 556, 1240.54, -33.41, 111.77, 229.18, 1, -1, -1, -1
571, 560, 975.91, -44.14, 113.34, 207.96, 1, -1, -1, -1
572, 542, 933.69, 495.06, 155.75, 255.15, 1, -1, -1, -1
572, 553, 334.75, 302.28, 148.59, 150.17, 1, -1, -1, -1
572, 554, 1521.92, 57.65, 149.29, 256.56, 1, -1, -1, -1
572, 561, 329.79, 149.44, 183.92, 198.48, 1, -1, -1, -1
572, 563, 131.14, 62.57, 169.76, 154.58, 1, -1, -1, -1
572, 556, 1237.74, -33.12, 112.43, 230.33, 1, -1, -1, -1
572, 560, 979.52, -41.58, 110.93, 203.62, 1, -1, -1, -1
573, 542, 929.75, 494.97, 155.90, 255.46, 1, -1, -1, -1
573, 553, 334.27, 307.18, 147.72, 148.97, 1, -1, -1, -1
573, 554, 1521.19, 57.24, 150.41, 259.68, 1, -1, -1, -1
573, 561, 328.50, 152.22, 185.47, 200.08, 1, -1, -1, -1
573, 563, 127.66, 64.15, 170.34, 155.43, 1, -1, -1, -1
573, 556, 1240.41, -31.19, 111.58, 226.85, 1, -1, -1, -1
573, 560, 979.94, -42.29, 112.15, 205.24, 1, -1, -1, -1
574, 542, 926.85, 492.97, 158.11, 258.77, 1, -1, -1, -1
574, 553, 334.47, 310.70, 145.89, 146.66, 1, -1, -1, -1
574, 554, 1521.15, 56.77, 150.61, 261.49, 1, -1, -1, -1
574, 561, 327.07, 155.57, 181.06, 195.47, 1, -1, -1, -1
574, 563, 125.98, 67.14, 170.72, 155.73, 1, -1, -1, -1
574, 556, 1241.45, -29.47, 110.78, 223.27, 1, -1, -1, -1
574, 560, 979.86, -43.50, 113.55, 207.53, 1, -1, -1, -1
575, 542, 925.32, 490.96, 159.80, 261.89, 1, -1, -1, -1
575, 553, 332.94, 312.94, 148.72, 149.44, 1, -1, -1, -1
575, 554, 1521.18, 56.31, 150.52, 262.85, 1, -1, -1, -1
575, 561, 326.53, 157.50, 180.49, 195.07, 1, -1, -1, -1
575, 563, 126.17, 69.03, 168.78, 153.35, 1, -1, -1, -1
575, 556, 1242.07, -28.59, 110.62, 220.91, 1, -1, -1, -1
575, 560, 981.85, -44.96, 115.47, 210.25, 1, -1, -1, -1
576, 542, 922.96, 487.81, 162.98, 267.31, 1, -1, -1, -1
576, 553, 332.08, 317.16, 144.16, 143.89, 1, -1, -1, -1
576, 554, 1520.59, 55.12, 151.24, 265.38, 1, -1, -1, -1
576, 561, 326.63, 158.18, 185.91, 200.76, 1, -1, -1, -1
576, 563, 124.42, 68.78, 171.24, 155.67, 1, -1, -1, -1
576, 556, 1241.93, -32.83, 111.73, 221.03, 1, -1, -1, -1
576, 560, 982.22, -46.25, 117.51, 213.33, 1, -1, -1, -1
577, 542, 920.82, 484.32, 166.62, 274.16, 1, -1, -1, -1
577, 553, 331.14, 319.65, 142.87, 141.84, 1, -1, -1, -1
577, 554, 1520.04, 53.81, 151.86, 267.86, 1, -1, -1, -1
577, 561, 325.22, 160.69, 184.89, 199.79, 1, -1, -1, -1
577, 563, 122.29, 72.06, 174.30, 158.39, 1, -1, -1, -1
577, 556, 1241.62, -34.93, 113.13, 221.55, 1, -1, -1, -1
577, 560, 981.71, -48.10, 119.87, 217.05, 1, -1, -1, -1
578, 542, 919.82, 478.99, 168.97, 277.93, 1, -1, -1, -1
578, 553, 330.38, 323.50, 142.88, 141.64, 1, -1, -1, -1
578, 554, 1521.42, 52.08, 149.34, 264.53, 1, -1, -1, -1
578, 561, 325.95, 163.66, 180.32, 193.79, 1, -1, -1, -1
578, 563, 121.14, 73.66, 175.93, 160.09, 1, -1, -1, -1
578, 556, 1241.08, -36.02, 114.74, 222.11, 1, -1, -1, -1
578, 560, 981.23, -49.88, 122.19, 220.47, 1, -1, -1, -1
579, 542, 918.73, 475.52, 171.06, 281.47, 1, -1, -1, -1
579, 553, 331.19, 326.69, 140.51, 138.78, 1, -1, -1, -1
579, 554, 1522.49, 50.73, 147.54, 262.04, 1, -1, -1, -1
579, 561, 326.93, 166.20, 177.10, 189.32, 1, -1, -1, -1
579, 563, 119.99, 76.06, 172.16, 156.89, 1, -1, -1, -1
579, 556, 1241.11, -36.55, 115.73, 222.36, 1, -1, -1, -1
579, 560, 981.05, -50.76, 123.85, 222.20, 1, -1, -1, -1
