1,1,535,369,153,284,1,1,1
2,1,535,364,154,288,1,1,1
3,1,536,359,154,292,1,1,1
4,1,536,354,156,296,1,1,1
5,1,537,349,156,300,1,1,1
6,1,537,344,158,304,1,1,1
7,1,538,339,158,308,1,1,1
8,1,538,334,159,312,1,1,1
9,1,539,329,160,316,1,1,1
10,1,539,324,161,320,1,1,1
11,1,540,319,162,325,1,1,1
12,1,540,314,161,321,1,1,1
13,1,541,309,160,317,1,1,1
14,1,541,305,160,312,1,1,1
15,1,542,300,158,308,1,1,1
16,1,542,296,158,303,1,1,1
17,1,543,291,157,299,1,1,1
18,1,543,286,156,295,1,1,1
19,1,544,282,155,290,1,1,1
20,1,544,277,155,286,1,1,1
21,1,545,273,154,282,1,1,1
22,1,546,268,152,285,1,1,1
23,1,547,263,151,288,1,1,1
24,1,548,258,149,291,1,1,1
25,1,549,253,148,294,1,1,1
26,1,550,248,146,297,1,1,1
27,1,551,243,145,300,1,1,1
28,1,552,238,143,303,1,1,1
29,1,553,233,142,306,1,1,1
30,1,554,228,140,309,1,1,1
31,1,556,224,138,312,1,1,1
32,1,557,219,138,310,1,1,1
33,1,558,215,139,307,1,1,1
34,1,559,210,139,305,1,1,1
35,1,561,206,139,302,1,1,1
36,1,562,201,139,300,1,1,1
37,1,563,197,140,297,1,1,1
38,1,565,192,139,295,1,1,1
39,1,566,188,140,292,1,1,1
40,1,567,183,140,290,1,1,1
41,1,569,179,140,288,1,1,1
42,1,569,175,139,288,1,1,1
43,1,569,171,139,289,1,1,1
44,1,569,167,139,290,1,1,1
45,1,569,163,139,290,1,1,1
46,1,569,159,139,291,1,1,1
47,1,569,155,138,292,1,1,1
48,1,569,151,138,292,1,1,1
49,1,569,147,138,293,1,1,1
50,1,569,143,138,294,1,1,1
51,1,569,140,138,294,1,1,1
52,1,570,137,137,294,1,1,1
53,1,571,134,137,295,1,1,1
54,1,573,131,135,295,1,1,1
55,1,574,128,135,296,1,1,1
56,1,576,126,134,296,1,1,1
57,1,577,123,133,296,1,1,1
58,1,578,120,133,297,1,1,1
59,1,580,117,131,297,1,1,1
60,1,581,114,131,298,1,1,1
61,1,583,112,130,298,1,1,1
62,1,585,111,129,293,1,1,1
63,1,587,110,129,289,1,1,1
64,1,590,109,128,285,1,1,1
65,1,592,108,127,281,1,1,1
66,1,595,107,126,277,1,1,1
67,1,597,106,126,273,1,1,1
68,1,599,105,125,269,1,1,1
69,1,602,104,124,265,1,1,1
70,1,604,103,124,261,1,1,1
71,1,607,103,123,256,1,1,1
72,1,608,101,122,258,1,1,1
73,1,609,99,122,261,1,1,1
74,1,610,97,122,264,1,1,1
75,1,612,96,120,266,1,1,1
76,1,613,94,120,269,1,1,1
77,1,614,92,120,271,1,1,1
78,1,616,91,118,273,1,1,1
79,1,617,89,118,276,1,1,1
80,1,618,87,118,279,1,1,1
81,1,620,86,117,281,1,1,1
82,1,619,82,117,279,1,1,1
83,1,618,78,117,278,1,1,1
84,1,617,75,117,276,1,1,1
85,1,616,71,117,274,1,1,1
86,1,615,68,117,272,1,1,1
87,1,614,64,117,271,1,1,1
88,1,613,60,117,269,1,1,1
89,1,612,57,117,267,1,1,1
90,1,611,53,117,266,1,1,1
91,1,611,50,116,264,1,1,1
92,1,611,48,116,265,1,1,1
93,1,611,47,116,265,1,1,1
94,1,611,45,116,266,1,1,1
95,1,612,44,115,266,1,1,1
96,1,612,42,115,268,1,1,1
97,1,612,41,115,268,1,1,1
98,1,613,39,114,269,1,1,1
99,1,613,38,114,269,1,1,1
100,1,613,36,114,270,1,1,1
101,1,614,35,114,271,1,1,1
102,1,614,34,114,272,1,1,1
103,1,615,33,114,273,1,1,1
104,1,615,33,114,273,1,1,1
105,1,616,32,114,274,1,1,1
106,1,616,32,115,274,1,1,1
107,1,617,31,114,275,1,1,1
108,1,617,30,115,276,1,1,1
109,1,618,30,114,276,1,1,1
110,1,618,29,115,277,1,1,1
111,1,619,29,115,277,1,1,1
112,1,617,29,115,275,1,1,1
113,1,616,29,115,273,1,1,1
114,1,614,30,116,270,1,1,1
115,1,613,30,116,268,1,1,1
116,1,611,31,117,265,1,1,1
117,1,610,31,116,263,1,1,1
118,1,608,31,117,261,1,1,1
119,1,607,32,117,258,1,1,1
120,1,605,32,118,256,1,1,1
121,1,604,33,118,254,1,1,1
122,1,604,35,117,257,1,1,1
123,1,604,38,117,259,1,1,1
124,1,604,40,116,262,1,1,1
125,1,605,43,115,265,1,1,1
126,1,605,45,115,268,1,1,1
127,1,605,48,114,270,1,1,1
128,1,606,50,113,274,1,1,1
129,1,606,53,112,276,1,1,1
130,1,606,55,112,279,1,1,1
131,1,607,58,111,282,1,1,1
132,1,607,61,112,279,1,1,1
133,1,608,64,112,277,1,1,1
134,1,608,67,113,275,1,1,1
135,1,609,70,113,272,1,1,1
136,1,609,73,114,270,1,1,1
137,1,610,76,114,268,1,1,1
138,1,610,79,115,265,1,1,1
139,1,611,82,115,263,1,1,1
140,1,611,85,116,261,1,1,1
141,1,612,88,116,259,1,1,1
142,1,611,92,116,259,1,1,1
143,1,610,97,117,258,1,1,1
144,1,609,101,118,258,1,1,1
145,1,608,106,119,257,1,1,1
146,1,607,111,120,256,1,1,1
147,1,606,115,120,256,1,1,1
148,1,605,120,121,255,1,1,1
149,1,604,124,122,255,1,1,1
150,1,603,129,123,254,1,1,1
151,1,603,134,123,253,1,1,1
152,1,606,141,122,253,1,1,1
153,1,610,148,120,254,1,1,1
154,1,614,155,118,255,1,1,1
155,1,618,162,116,255,1,1,1
156,1,622,169,114,256,1,1,1
157,1,626,176,112,257,1,1,1
158,1,630,183,110,257,1,1,1
159,1,634,190,108,258,1,1,1
160,1,638,197,106,259,1,1,1
161,1,642,204,105,260,1,1,1
162,1,646,211,106,258,1,1,1
163,1,651,219,107,256,1,1,1
164,1,656,226,107,255,1,1,1
165,1,660,234,109,253,1,1,1
166,1,665,242,109,251,1,1,1
167,1,670,249,110,250,1,1,1
168,1,674,257,111,248,1,1,1
169,1,679,264,112,247,1,1,1
170,1,684,272,112,245,1,1,1
171,1,689,280,113,243,1,1,1
172,1,695,287,114,245,1,1,1
173,1,702,294,115,247,1,1,1
174,1,708,302,117,248,1,1,1
175,1,715,309,118,250,1,1,1
176,1,722,317,119,251,1,1,1
177,1,728,324,121,253,1,1,1
178,1,735,331,122,255,1,1,1
179,1,741,339,124,256,1,1,1
180,1,748,346,125,258,1,1,1
181,1,755,354,126,259,1,1,1
182,1,762,355,123,263,1,1,1
183,1,769,356,121,268,1,1,1
184,1,776,357,119,272,1,1,1
185,1,783,358,117,277,1,1,1
186,1,790,359,115,282,1,1,1
187,1,797,360,113,286,1,1,1
188,1,804,361,111,291,1,1,1
189,1,811,362,109,295,1,1,1
190,1,818,363,107,300,1,1,1
191,1,825,365,105,304,1,1,1
192,1,829,375,107,299,1,1,1
193,1,833,385,110,295,1,1,1
194,1,837,395,113,290,1,1,1
195,1,841,405,116,286,1,1,1
196,1,846,416,118,281,1,1,1
197,1,850,426,121,276,1,1,1
198,1,854,436,124,272,1,1,1
199,1,858,446,127,267,1,1,1
200,1,862,456,130,263,1,1,1
201,1,867,467,132,258,1,1,1
202,1,873,472,132,258,1,1,1
203,1,880,477,131,259,1,1,1
204,1,887,482,130,259,1,1,1
205,1,894,488,129,259,1,1,1
206,1,901,493,128,260,1,1,1
207,1,907,498,128,260,1,1,1
208,1,914,504,127,260,1,1,1
209,1,921,509,126,260,1,1,1
210,1,928,514,125,261,1,1,1
211,1,935,520,125,261,1,1,1
212,1,939,518,124,261,1,1,1
213,1,944,517,122,260,1,1,1
214,1,949,516,120,259,1,1,1
215,1,954,514,118,260,1,1,1
216,1,959,513,116,259,1,1,1
217,1,964,512,114,258,1,1,1
218,1,969,510,112,259,1,1,1
219,1,974,509,110,258,1,1,1
220,1,979,508,108,257,1,1,1
221,1,984,507,107,257,1,1,1
222,1,986,504,109,259,1,1,1
223,1,988,501,112,262,1,1,1
224,1,991,498,114,264,1,1,1
225,1,993,495,116,267,1,1,1
226,1,996,492,118,270,1,1,1
227,1,998,489,121,272,1,1,1
228,1,1000,486,123,275,1,1,1
229,1,1003,483,125,277,1,1,1
230,1,1005,480,128,280,1,1,1
231,1,1008,477,130,283,1,1,1
232,1,1011,472,130,280,1,1,1
233,1,1014,467,131,278,1,1,1
234,1,1017,462,131,276,1,1,1
235,1,1020,458,132,272,1,1,1
236,1,1023,453,132,270,1,1,1
237,1,1026,448,133,268,1,1,1
238,1,1029,444,133,264,1,1,1
239,1,1032,439,134,262,1,1,1
240,1,1035,434,134,260,1,1,1
241,1,1038,430,135,257,1,1,1
242,1,1038,426,133,259,1,1,1
243,1,1038,422,132,261,1,1,1
244,1,1038,418,130,263,1,1,1
245,1,1038,414,129,265,1,1,1
246,1,1038,410,127,268,1,1,1
247,1,1038,406,126,270,1,1,1
248,1,1038,402,124,272,1,1,1
249,1,1038,398,123,274,1,1,1
250,1,1038,394,121,276,1,1,1
251,1,1038,390,120,279,1,1,1
252,1,1034,385,121,278,1,1,1
253,1,1031,381,121,277,1,1,1
254,1,1028,377,121,276,1,1,1
255,1,1024,373,122,274,1,1,1
256,1,1021,369,123,273,1,1,1
257,1,1018,364,123,273,1,1,1
258,1,1014,360,124,271,1,1,1
259,1,1011,356,124,270,1,1,1
260,1,1008,352,124,269,1,1,1
261,1,1005,348,125,268,1,1,1
262,1,1002,343,124,266,1,1,1
263,1,999,338,124,265,1,1,1
264,1,997,333,123,263,1,1,1
265,1,994,329,123,261,1,1,1
266,1,992,324,122,260,1,1,1
267,1,989,319,121,258,1,1,1
268,1,986,315,121,256,1,1,1
269,1,984,310,120,254,1,1,1
270,1,981,305,120,253,1,1,1
271,1,979,301,119,251,1,1,1
272,1,974,297,120,253,1,1,1
273,1,969,293,121,255,1,1,1
274,1,964,289,123,257,1,1,1
275,1,959,285,124,260,1,1,1
276,1,954,281,126,262,1,1,1
277,1,949,277,127,264,1,1,1
278,1,944,273,128,267,1,1,1
279,1,939,269,130,269,1,1,1
280,1,934,265,131,271,1,1,1
281,1,929,262,133,273,1,1,1
282,1,924,258,131,271,1,1,1
283,1,919,254,130,269,1,1,1
284,1,914,250,129,267,1,1,1
285,1,909,247,127,264,1,1,1
286,1,904,243,126,263,1,1,1
287,1,899,239,125,261,1,1,1
288,1,894,236,123,258,1,1,1
289,1,889,232,122,256,1,1,1
290,1,884,228,121,254,1,1,1
291,1,880,225,119,252,1,1,1
292,1,876,222,119,254,1,1,1
293,1,873,219,118,257,1,1,1
294,1,869,216,118,260,1,1,1
295,1,866,213,118,263,1,1,1
296,1,862,210,118,266,1,1,1
297,1,859,207,117,268,1,1,1
298,1,855,204,118,271,1,1,1
299,1,852,201,117,274,1,1,1
300,1,848,198,117,277,1,1,1
301,1,845,196,117,279,1,1,1
302,1,842,193,117,276,1,1,1
303,1,839,191,118,272,1,1,1
304,1,836,188,119,269,1,1,1
305,1,833,186,120,265,1,1,1
306,1,830,183,121,262,1,1,1
307,1,827,181,122,258,1,1,1
308,1,824,178,123,255,1,1,1
309,1,821,176,124,251,1,1,1
310,1,818,173,125,248,1,1,1
311,1,816,171,125,245,1,1,1
312,1,813,169,124,248,1,1,1
313,1,811,167,123,252,1,1,1
314,1,809,165,122,255,1,1,1
315,1,807,163,120,259,1,1,1
316,1,805,161,119,262,1,1,1
317,1,802,159,119,266,1,1,1
318,1,800,157,117,269,1,1,1
319,1,798,155,116,273,1,1,1
320,1,796,153,115,276,1,1,1
321,1,794,152,114,279,1,1,1
322,1,791,150,113,277,1,1,1
323,1,788,149,113,274,1,1,1
324,1,785,147,113,273,1,1,1
325,1,782,146,113,270,1,1,1
326,1,779,144,113,269,1,1,1
327,1,776,143,113,266,1,1,1
328,1,773,141,113,264,1,1,1
329,1,770,140,113,262,1,1,1
330,1,767,138,113,260,1,1,1
331,1,764,137,113,258,1,1,1
332,1,763,136,113,260,1,1,1
333,1,762,136,113,262,1,1,1
334,1,761,136,113,264,1,1,1
335,1,760,136,114,266,1,1,1
336,1,759,136,114,268,1,1,1
337,1,758,135,114,270,1,1,1
338,1,757,135,115,272,1,1,1
339,1,756,135,115,274,1,1,1
340,1,755,135,115,276,1,1,1
341,1,755,135,115,278,1,1,1
342,1,753,135,116,277,1,1,1
343,1,752,135,116,276,1,1,1
344,1,751,135,116,275,1,1,1
345,1,750,135,116,275,1,1,1
346,1,749,136,116,273,1,1,1
347,1,747,136,117,272,1,1,1
348,1,746,136,117,272,1,1,1
349,1,745,136,117,271,1,1,1
350,1,744,136,117,270,1,1,1
351,1,743,137,117,269,1,1,1
352,1,742,138,116,268,1,1,1
353,1,741,139,116,268,1,1,1
354,1,740,140,116,268,1,1,1
355,1,739,141,116,268,1,1,1
356,1,738,143,116,267,1,1,1
357,1,737,144,116,266,1,1,1
358,1,736,145,116,266,1,1,1
359,1,735,146,116,266,1,1,1
360,1,734,147,116,266,1,1,1
361,1,733,149,116,265,1,1,1
362,1,733,151,117,266,1,1,1
363,1,734,153,118,267,1,1,1
364,1,735,155,118,268,1,1,1
365,1,735,157,120,270,1,1,1
366,1,736,160,120,270,1,1,1
367,1,737,162,121,271,1,1,1
368,1,737,164,122,273,1,1,1
369,1,738,166,123,274,1,1,1
370,1,739,168,123,275,1,1,1
371,1,740,171,124,276,1,1,1
372,1,742,174,123,274,1,1,1
373,1,744,178,122,271,1,1,1
374,1,746,182,121,268,1,1,1
375,1,748,186,120,265,1,1,1
376,1,750,190,119,262,1,1,1
377,1,752,193,118,260,1,1,1
378,1,754,197,117,257,1,1,1
379,1,756,201,116,254,1,1,1
380,1,758,205,115,251,1,1,1
381,1,761,209,113,248,1,1,1
382,1,762,212,113,252,1,1,1
383,1,763,215,114,256,1,1,1
384,1,764,219,115,259,1,1,1
385,1,765,222,115,264,1,1,1
386,1,767,226,115,267,1,1,1
387,1,768,229,116,271,1,1,1
388,1,769,232,116,276,1,1,1
389,1,770,236,117,279,1,1,1
390,1,771,239,118,283,1,1,1
391,1,773,243,118,287,1,1,1
392,1,774,245,118,284,1,1,1
393,1,776,248,118,280,1,1,1
394,1,778,250,118,277,1,1,1
395,1,779,253,118,273,1,1,1
396,1,781,256,118,269,1,1,1
397,1,783,258,118,266,1,1,1
398,1,784,261,118,262,1,1,1
399,1,786,263,118,259,1,1,1
400,1,788,266,118,255,1,1,1
401,1,790,269,118,252,1,1,1
402,1,792,272,119,255,1,1,1
403,1,795,276,119,258,1,1,1
404,1,798,279,120,262,1,1,1
405,1,801,283,120,264,1,1,1
406,1,804,287,121,267,1,1,1
407,1,807,290,121,271,1,1,1
408,1,810,294,121,273,1,1,1
409,1,813,297,122,277,1,1,1
410,1,816,301,122,280,1,1,1
411,1,819,305,123,283,1,1,1
412,1,822,307,123,282,1,1,1
413,1,826,310,123,281,1,1,1
414,1,830,313,123,280,1,1,1
415,1,834,315,123,280,1,1,1
416,1,838,318,123,279,1,1,1
417,1,841,321,124,277,1,1,1
418,1,845,323,124,277,1,1,1
419,1,849,326,124,276,1,1,1
420,1,853,329,124,275,1,1,1
421,1,857,332,124,274,1,1,1
422,1,860,331,123,273,1,1,1
423,1,863,331,123,272,1,1,1
424,1,866,330,122,271,1,1,1
425,1,869,330,122,270,1,1,1
426,1,872,330,122,269,1,1,1
427,1,875,329,121,268,1,1,1
428,1,878,329,121,267,1,1,1
429,1,881,328,120,266,1,1,1
430,1,884,328,120,265,1,1,1
431,1,888,328,119,264,1,1,1
432,1,891,325,118,265,1,1,1
433,1,894,322,118,267,1,1,1
434,1,897,319,118,269,1,1,1
435,1,901,316,117,271,1,1,1
436,1,904,313,117,273,1,1,1
437,1,907,310,117,274,1,1,1
438,1,911,307,116,276,1,1,1
439,1,914,304,116,278,1,1,1
440,1,917,301,116,280,1,1,1
441,1,921,299,115,281,1,1,1
442,1,924,295,116,277,1,1,1
443,1,927,291,117,274,1,1,1
444,1,930,287,118,271,1,1,1
445,1,933,283,119,267,1,1,1
446,1,937,280,119,263,1,1,1
447,1,940,276,120,260,1,1,1
448,1,943,272,121,256,1,1,1
449,1,946,268,122,253,1,1,1
450,1,949,264,123,250,1,1,1
451,1,953,261,124,246,1,1,1
452,1,955,257,124,250,1,1,1
453,1,958,253,123,254,1,1,1
454,1,960,250,123,257,1,1,1
455,1,963,246,122,261,1,1,1
456,1,965,243,122,264,1,1,1
457,1,968,239,121,268,1,1,1
458,1,970,235,121,272,1,1,1
459,1,973,232,120,275,1,1,1
460,1,975,228,120,279,1,1,1
461,1,978,225,120,282,1,1,1
462,1,978,221,120,280,1,1,1
463,1,979,218,120,278,1,1,1
464,1,979,214,120,276,1,1,1
465,1,980,211,120,274,1,1,1
466,1,981,208,120,272,1,1,1
467,1,981,204,120,270,1,1,1
468,1,982,201,120,268,1,1,1
469,1,982,197,120,266,1,1,1
470,1,983,194,120,264,1,1,1
471,1,984,191,120,262,1,1,1
472,1,985,189,120,262,1,1,1
473,1,986,187,120,263,1,1,1
474,1,987,185,120,264,1,1,1
475,1,988,183,120,264,1,1,1
476,1,989,182,120,264,1,1,1
477,1,990,180,120,265,1,1,1
478,1,991,178,120,265,1,1,1
479,1,992,176,120,266,1,1,1
480,1,993,174,120,267,1,1,1
481,1,995,173,120,267,1,1,1
482,1,995,172,120,268,1,1,1
483,1,996,171,119,270,1,1,1
484,1,997,171,119,270,1,1,1
485,1,997,170,119,272,1,1,1
486,1,998,170,119,272,1,1,1
487,1,999,169,118,274,1,1,1
488,1,999,168,118,275,1,1,1
489,1,1000,168,118,276,1,1,1
490,1,1001,167,117,277,1,1,1
491,1,1002,167,117,278,1,1,1
492,1,999,168,119,275,1,1,1
493,1,997,169,120,273,1,1,1
494,1,995,170,121,271,1,1,1
495,1,993,171,122,268,1,1,1
496,1,991,173,123,265,1,1,1
497,1,989,174,124,263,1,1,1
498,1,987,175,125,260,1,1,1
499,1,985,176,126,258,1,1,1
500,1,983,177,127,256,1,1,1
501,1,981,179,129,253,1,1,1
502,1,982,182,128,255,1,1,1
503,1,983,185,128,257,1,1,1
504,1,984,188,127,259,1,1,1
505,1,985,191,127,262,1,1,1
506,1,986,194,126,264,1,1,1
507,1,987,197,126,266,1,1,1
508,1,988,200,125,269,1,1,1
509,1,989,203,125,271,1,1,1
510,1,990,206,124,273,1,1,1
511,1,992,209,123,276,1,1,1
512,1,992,212,124,274,1,1,1
513,1,993,215,125,272,1,1,1
514,1,993,218,126,270,1,1,1
515,1,994,221,127,269,1,1,1
516,1,994,224,129,267,1,1,1
517,1,995,227,129,265,1,1,1
518,1,995,230,131,264,1,1,1
519,1,996,233,131,262,1,1,1
520,1,996,236,133,260,1,1,1
521,1,997,239,134,259,1,1,1
522,1,997,243,133,262,1,1,1
523,1,998,248,132,264,1,1,1
524,1,998,253,132,266,1,1,1
525,1,999,258,130,268,1,1,1
526,1,1000,263,129,271,1,1,1
527,1,1000,267,129,274,1,1,1
528,1,1001,272,127,276,1,1,1
529,1,1001,277,127,278,1,1,1
530,1,1002,282,126,280,1,1,1
531,1,1003,287,125,283,1,1,1
532,1,1002,293,125,280,1,1,1
533,1,1001,299,126,278,1,1,1
534,1,1000,305,127,275,1,1,1
535,1,999,312,128,272,1,1,1
536,1,999,318,128,269,1,1,1
537,1,998,324,129,267,1,1,1
538,1,997,331,130,263,1,1,1
539,1,996,337,131,261,1,1,1
540,1,995,343,132,258,1,1,1
541,1,995,350,132,255,1,1,1
542,1,993,356,134,256,1,1,1
543,1,992,362,135,258,1,1,1
544,1,990,368,138,260,1,1,1
545,1,989,374,139,262,1,1,1
546,1,987,380,142,264,1,1,1
547,1,986,386,143,265,1,1,1
548,1,984,392,145,267,1,1,1
549,1,983,398,147,269,1,1,1
550,1,981,404,149,271,1,1,1
551,1,980,410,151,273,1,1,1
552,1,979,417,150,273,1,1,1
553,1,978,424,149,274,1,1,1
554,1,978,431,147,274,1,1,1
555,1,977,438,146,275,1,1,1
556,1,977,445,145,276,1,1,1
557,1,976,452,144,276,1,1,1
558,1,975,459,143,277,1,1,1
559,1,975,466,141,277,1,1,1
560,1,974,473,140,278,1,1,1
561,1,974,480,139,279,1,1,1
562,1,970,481,141,277,1,1,1
563,1,967,482,142,275,1,1,1
564,1,963,483,144,273,1,1,1
565,1,960,484,145,271,1,1,1
566,1,956,485,147,270,1,1,1
567,1,953,486,148,268,1,1,1
568,1,949,487,150,266,1,1,1
569,1,946,488,151,264,1,1,1
570,1,942,489,153,262,1,1,1
571,1,939,490,154,261,1,1,1
572,1,938,486,153,265,1,1,1
573,1,937,483,153,268,1,1,1
574,1,937,480,151,271,1,1,1
575,1,936,477,151,275,1,1,1
576,1,936,474,150,278,1,1,1
577,1,935,471,149,281,1,1,1
578,1,934,468,149,285,1,1,1
579,1,934,465,147,288,1,1,1
580,1,933,462,147,291,1,1,1
81,3,1176,0,119,115,1,1,1
82,3,1172,0,119,115,1,1,1
83,3,1168,0,119,116,1,1,1
84,3,1164,1,119,115,1,1,1
85,3,1161,1,118,116,1,1,1
86,3,1157,2,118,116,1,1,1
87,3,1153,2,118,116,1,1,1
88,3,1150,2,117,117,1,1,1
89,3,1146,3,117,116,1,1,1
90,3,1142,3,117,117,1,1,1
91,3,1139,4,117,117,1,1,1
92,3,1132,3,118,120,1,1,1
93,3,1126,3,118,122,1,1,1
94,3,1119,2,119,125,1,1,1
95,3,1113,2,119,127,1,1,1
96,3,1107,2,120,130,1,1,1
97,3,1100,1,121,133,1,1,1
98,3,1094,1,121,135,1,1,1
99,3,1087,0,122,138,1,1,1
100,3,1081,0,122,140,1,1,1
101,3,1075,0,123,143,1,1,1
102,3,1068,0,125,146,1,1,1
103,3,1062,0,127,150,1,1,1
104,3,1056,0,128,154,1,1,1
105,3,1050,0,130,158,1,1,1
106,3,1044,0,132,162,1,1,1
107,3,1038,0,133,166,1,1,1
108,3,1032,0,135,170,1,1,1
109,3,1026,0,136,174,1,1,1
110,3,1020,0,138,178,1,1,1
111,3,1014,0,140,182,1,1,1
112,3,1011,0,137,186,1,1,1
113,3,1008,0,134,191,1,1,1
114,3,1005,0,131,196,1,1,1
115,3,1002,0,128,201,1,1,1
116,3,999,1,126,205,1,1,1
117,3,996,1,123,210,1,1,1
118,3,993,1,120,215,1,1,1
119,3,990,1,117,220,1,1,1
120,3,987,1,114,225,1,1,1
121,3,984,2,112,229,1,1,1
122,3,977,8,114,228,1,1,1
123,3,970,14,117,228,1,1,1
124,3,963,21,120,227,1,1,1
125,3,956,27,122,227,1,1,1
126,3,949,34,125,226,1,1,1
127,3,942,40,128,225,1,1,1
128,3,935,46,130,225,1,1,1
129,3,928,53,133,224,1,1,1
130,3,921,59,136,224,1,1,1
131,3,914,66,139,223,1,1,1
132,3,906,74,140,224,1,1,1
133,3,898,82,141,225,1,1,1
134,3,890,90,142,226,1,1,1
135,3,882,98,143,228,1,1,1
136,3,874,106,144,229,1,1,1
137,3,866,114,145,230,1,1,1
138,3,858,122,146,232,1,1,1
139,3,850,130,147,233,1,1,1
140,3,842,138,148,234,1,1,1
141,3,834,147,150,235,1,1,1
142,3,828,156,150,236,1,1,1
143,3,822,166,150,236,1,1,1
144,3,816,175,150,237,1,1,1
145,3,810,185,150,237,1,1,1
146,3,804,195,150,237,1,1,1
147,3,798,204,150,238,1,1,1
148,3,792,214,150,238,1,1,1
149,3,786,223,150,239,1,1,1
150,3,780,233,150,239,1,1,1
151,3,775,243,150,239,1,1,1
152,3,768,254,151,237,1,1,1
153,3,761,265,152,236,1,1,1
154,3,754,277,153,234,1,1,1
155,3,748,288,153,233,1,1,1
156,3,741,300,154,231,1,1,1
157,3,734,311,155,229,1,1,1
158,3,728,322,155,228,1,1,1
159,3,721,334,156,226,1,1,1
160,3,714,345,157,225,1,1,1
161,3,708,357,158,223,1,1,1
162,3,698,368,159,225,1,1,1
163,3,689,380,160,227,1,1,1
164,3,680,391,161,230,1,1,1
165,3,670,403,162,232,1,1,1
166,3,661,415,163,234,1,1,1
167,3,652,426,164,237,1,1,1
168,3,642,438,165,239,1,1,1
169,3,633,449,166,242,1,1,1
170,3,624,461,167,244,1,1,1
171,3,615,473,168,246,1,1,1
172,3,605,485,169,244,1,1,1
173,3,596,498,169,242,1,1,1
174,3,587,510,169,241,1,1,1
175,3,578,523,169,238,1,1,1
176,3,569,536,169,236,1,1,1
177,3,559,548,170,235,1,1,1
178,3,550,561,170,232,1,1,1
179,3,541,573,170,231,1,1,1
180,3,532,586,170,229,1,1,1
181,3,523,599,171,227,1,1,1
182,3,512,610,176,230,1,1,1
183,3,501,622,181,232,1,1,1
184,3,490,634,186,234,1,1,1
185,3,479,646,191,236,1,1,1
186,3,469,658,195,238,1,1,1
187,3,458,670,200,240,1,1,1
188,3,447,682,205,242,1,1,1
189,3,436,694,210,244,1,1,1
190,3,425,706,215,246,1,1,1
191,3,415,718,219,249,1,1,1
192,3,403,732,220,247,1,1,1
193,3,392,746,220,245,1,1,1
194,3,380,761,221,242,1,1,1
195,3,369,775,221,240,1,1,1
196,3,358,790,221,238,1,1,1
197,3,346,804,222,236,1,1,1
198,3,335,818,222,234,1,1,1
199,3,323,833,223,231,1,1,1
200,3,312,847,223,229,1,1,1
201,3,301,862,223,227,1,1,1
202,3,285,873,221,214,1,1,1
203,3,270,885,218,201,1,1,1
204,3,255,897,216,188,1,1,1
205,3,239,909,214,175,1,1,1
206,3,224,921,212,162,1,1,1
207,3,209,933,209,149,1,1,1
208,3,193,945,207,136,1,1,1
209,3,178,957,205,123,1,1,1
210,3,163,969,202,110,1,1,1
211,3,148,981,200,97,1,1,1
91,4,148,0,148,113,1,1,1
92,4,154,0,147,111,1,1,1
93,4,161,0,145,110,1,1,1
94,4,167,0,144,108,1,1,1
95,4,174,0,142,107,1,1,1
96,4,181,0,141,106,1,1,1
97,4,187,0,140,104,1,1,1
98,4,194,0,138,103,1,1,1
99,4,200,0,137,101,1,1,1
100,4,207,0,135,100,1,1,1
101,4,214,0,134,99,1,1,1
102,4,215,0,135,100,1,1,1
103,4,217,0,136,102,1,1,1
104,4,219,0,136,104,1,1,1
105,4,220,0,138,106,1,1,1
106,4,222,0,138,108,1,1,1
107,4,224,0,139,109,1,1,1
108,4,225,0,140,111,1,1,1
109,4,227,0,141,113,1,1,1
110,4,229,0,141,115,1,1,1
111,4,231,0,142,117,1,1,1
112,4,235,0,143,120,1,1,1
113,4,239,0,144,124,1,1,1
114,4,243,0,145,127,1,1,1
115,4,247,0,146,131,1,1,1
116,4,251,1,148,133,1,1,1
117,4,255,1,149,137,1,1,1
118,4,259,1,150,140,1,1,1
119,4,263,1,151,144,1,1,1
120,4,267,1,152,147,1,1,1
121,4,271,2,154,150,1,1,1
122,4,272,2,154,153,1,1,1
123,4,274,2,153,156,1,1,1
124,4,275,2,153,160,1,1,1
125,4,277,2,152,163,1,1,1
126,4,279,2,152,167,1,1,1
127,4,280,2,152,170,1,1,1
128,4,282,2,151,173,1,1,1
129,4,283,2,151,177,1,1,1
130,4,285,2,150,180,1,1,1
131,4,287,2,150,184,1,1,1
132,4,291,1,151,189,1,1,1
133,4,295,1,153,194,1,1,1
134,4,299,1,155,199,1,1,1
135,4,304,1,156,203,1,1,1
136,4,308,1,158,208,1,1,1
137,4,312,0,160,214,1,1,1
138,4,317,0,161,218,1,1,1
139,4,321,0,163,223,1,1,1
140,4,325,0,165,228,1,1,1
141,4,330,0,166,233,1,1,1
142,4,332,4,163,233,1,1,1
143,4,334,8,161,233,1,1,1
144,4,337,12,157,234,1,1,1
145,4,339,16,155,234,1,1,1
146,4,342,20,152,235,1,1,1
147,4,344,24,149,235,1,1,1
148,4,346,28,147,235,1,1,1
149,4,349,32,143,236,1,1,1
150,4,351,36,141,236,1,1,1
151,4,354,40,138,237,1,1,1
152,4,356,45,139,239,1,1,1
153,4,359,50,140,241,1,1,1
154,4,362,55,141,243,1,1,1
155,4,365,60,142,245,1,1,1
156,4,368,66,143,247,1,1,1
157,4,371,71,143,249,1,1,1
158,4,374,76,144,251,1,1,1
159,4,377,81,145,253,1,1,1
160,4,380,86,146,255,1,1,1
161,4,383,92,147,257,1,1,1
162,4,385,97,145,257,1,1,1
163,4,388,103,142,257,1,1,1
164,4,390,108,141,257,1,1,1
165,4,393,114,138,257,1,1,1
166,4,395,119,137,257,1,1,1
167,4,398,125,134,257,1,1,1
168,4,400,130,132,257,1,1,1
169,4,403,136,130,257,1,1,1
170,4,405,141,128,257,1,1,1
171,4,408,147,126,257,1,1,1
172,4,411,152,131,257,1,1,1
173,4,415,158,135,257,1,1,1
174,4,419,164,139,256,1,1,1
175,4,422,170,144,256,1,1,1
176,4,426,176,148,256,1,1,1
177,4,430,182,152,255,1,1,1
178,4,433,188,157,255,1,1,1
179,4,437,194,161,254,1,1,1
180,4,441,200,165,254,1,1,1
181,4,445,206,169,254,1,1,1
182,4,448,212,165,253,1,1,1
183,4,452,219,160,252,1,1,1
184,4,456,225,155,251,1,1,1
185,4,460,232,150,250,1,1,1
186,4,464,238,145,249,1,1,1
187,4,467,245,141,248,1,1,1
188,4,471,251,136,247,1,1,1
189,4,475,258,131,246,1,1,1
190,4,479,264,126,245,1,1,1
191,4,483,271,122,244,1,1,1
192,4,486,277,125,243,1,1,1
193,4,490,283,127,243,1,1,1
194,4,493,289,130,243,1,1,1
195,4,497,295,132,243,1,1,1
196,4,500,302,135,242,1,1,1
197,4,504,308,137,242,1,1,1
198,4,507,314,140,242,1,1,1
199,4,511,320,142,242,1,1,1
200,4,514,326,145,242,1,1,1
201,4,518,333,147,241,1,1,1
202,4,522,338,144,241,1,1,1
203,4,526,344,141,241,1,1,1
204,4,530,350,138,241,1,1,1
205,4,535,356,134,241,1,1,1
206,4,539,362,131,241,1,1,1
207,4,543,367,128,241,1,1,1
208,4,548,373,124,241,1,1,1
209,4,552,379,121,241,1,1,1
210,4,556,385,118,241,1,1,1
211,4,561,391,114,241,1,1,1
212,4,564,396,119,240,1,1,1
213,4,568,401,124,240,1,1,1
214,4,572,406,128,240,1,1,1
215,4,575,411,134,240,1,1,1
216,4,579,416,139,240,1,1,1
217,4,583,421,143,239,1,1,1
218,4,586,426,149,239,1,1,1
219,4,590,431,153,239,1,1,1
220,4,594,436,158,239,1,1,1
221,4,598,442,163,238,1,1,1
222,4,603,445,158,236,1,1,1
223,4,608,449,154,233,1,1,1
224,4,613,453,150,231,1,1,1
225,4,618,457,146,228,1,1,1
226,4,623,461,142,226,1,1,1
227,4,628,464,138,224,1,1,1
228,4,633,468,134,221,1,1,1
229,4,638,472,130,219,1,1,1
230,4,643,476,126,216,1,1,1
231,4,648,480,122,214,1,1,1
232,4,653,480,123,214,1,1,1
233,4,658,481,125,213,1,1,1
234,4,663,481,127,213,1,1,1
235,4,669,482,127,213,1,1,1
236,4,674,482,129,213,1,1,1
237,4,679,483,131,212,1,1,1
238,4,685,483,131,213,1,1,1
239,4,690,484,133,212,1,1,1
240,4,695,484,135,212,1,1,1
241,4,701,485,136,212,1,1,1
242,4,703,484,135,215,1,1,1
243,4,706,484,133,218,1,1,1
244,4,708,484,132,220,1,1,1
245,4,711,484,130,223,1,1,1
246,4,714,484,129,226,1,1,1
247,4,716,483,128,229,1,1,1
248,4,719,483,126,232,1,1,1
249,4,721,483,125,234,1,1,1
250,4,724,483,123,237,1,1,1
251,4,727,483,122,240,1,1,1
252,4,726,482,123,242,1,1,1
253,4,726,482,123,244,1,1,1
254,4,726,482,123,245,1,1,1
255,4,725,482,125,247,1,1,1
256,4,725,482,125,248,1,1,1
257,4,725,482,125,250,1,1,1
258,4,724,482,127,251,1,1,1
259,4,724,482,127,253,1,1,1
260,4,724,482,127,254,1,1,1
261,4,724,482,128,256,1,1,1
262,4,721,482,127,256,1,1,1
263,4,718,483,127,256,1,1,1
264,4,716,484,125,256,1,1,1
265,4,713,485,125,256,1,1,1
266,4,711,486,123,256,1,1,1
267,4,708,487,123,256,1,1,1
268,4,705,488,122,256,1,1,1
269,4,703,489,121,256,1,1,1
270,4,700,490,120,256,1,1,1
271,4,698,491,119,256,1,1,1
272,4,695,491,117,255,1,1,1
273,4,692,492,116,254,1,1,1
274,4,689,493,115,253,1,1,1
275,4,687,493,113,253,1,1,1
276,4,684,494,112,252,1,1,1
277,4,681,495,111,251,1,1,1
278,4,679,495,109,251,1,1,1
279,4,676,496,108,250,1,1,1
280,4,673,497,107,249,1,1,1
281,4,671,498,105,248,1,1,1
282,4,667,497,106,249,1,1,1
283,4,664,497,106,249,1,1,1
284,4,661,497,106,249,1,1,1
285,4,658,497,106,249,1,1,1
286,4,655,497,106,249,1,1,1
287,4,652,496,106,250,1,1,1
288,4,649,496,106,250,1,1,1
289,4,646,496,106,250,1,1,1
290,4,643,496,106,250,1,1,1
291,4,640,496,106,251,1,1,1
292,4,636,496,105,250,1,1,1
293,4,632,497,105,249,1,1,1
294,4,628,497,105,249,1,1,1
295,4,624,498,104,248,1,1,1
296,4,620,499,104,247,1,1,1
297,4,616,499,104,246,1,1,1
298,4,612,500,103,245,1,1,1
299,4,608,500,103,245,1,1,1
300,4,604,501,103,244,1,1,1
301,4,600,502,103,243,1,1,1
302,4,596,503,104,243,1,1,1
303,4,592,504,105,244,1,1,1
304,4,588,505,106,244,1,1,1
305,4,585,506,106,245,1,1,1
306,4,581,508,107,244,1,1,1
307,4,577,509,108,245,1,1,1
308,4,574,510,108,245,1,1,1
309,4,570,511,109,246,1,1,1
310,4,566,512,110,246,1,1,1
311,4,563,514,111,246,1,1,1
312,4,558,517,112,245,1,1,1
313,4,553,520,113,245,1,1,1
314,4,548,523,114,245,1,1,1
315,4,543,526,115,244,1,1,1
316,4,539,529,115,244,1,1,1
317,4,534,532,116,244,1,1,1
318,4,529,535,117,243,1,1,1
319,4,524,538,118,243,1,1,1
320,4,519,541,119,243,1,1,1
321,4,515,544,120,243,1,1,1
322,4,508,549,124,240,1,1,1
323,4,502,554,127,238,1,1,1
324,4,496,560,130,235,1,1,1
325,4,489,565,134,233,1,1,1
326,4,483,571,138,230,1,1,1
327,4,477,576,141,227,1,1,1
328,4,470,581,145,225,1,1,1
329,4,464,587,148,222,1,1,1
330,4,458,592,151,220,1,1,1
331,4,452,598,155,217,1,1,1
332,4,446,604,157,217,1,1,1
333,4,440,611,159,216,1,1,1
334,4,434,618,161,215,1,1,1
335,4,429,624,163,215,1,1,1
336,4,423,631,165,214,1,1,1
337,4,417,638,167,213,1,1,1
338,4,412,644,169,213,1,1,1
339,4,406,651,171,212,1,1,1
340,4,400,658,173,211,1,1,1
341,4,395,665,175,210,1,1,1
342,4,389,672,178,210,1,1,1
343,4,384,679,180,211,1,1,1
344,4,379,686,182,211,1,1,1
345,4,373,693,186,212,1,1,1
346,4,368,700,188,213,1,1,1
347,4,363,707,190,213,1,1,1
348,4,357,714,194,214,1,1,1
349,4,352,721,196,214,1,1,1
350,4,347,728,198,215,1,1,1
351,4,342,736,201,215,1,1,1
352,4,336,746,203,212,1,1,1
353,4,330,756,205,210,1,1,1
354,4,324,766,207,208,1,1,1
355,4,318,776,209,206,1,1,1
356,4,313,787,210,203,1,1,1
357,4,307,797,212,201,1,1,1
358,4,301,807,214,199,1,1,1
359,4,295,817,216,197,1,1,1
360,4,289,827,218,195,1,1,1
361,4,284,838,219,192,1,1,1
362,4,278,850,221,184,1,1,1
363,4,272,863,224,176,1,1,1
364,4,266,875,227,169,1,1,1
365,4,260,888,229,161,1,1,1
366,4,254,900,232,154,1,1,1
367,4,248,913,235,145,1,1,1
368,4,242,925,237,138,1,1,1
369,4,236,938,240,130,1,1,1
370,4,230,950,243,123,1,1,1
371,4,225,963,245,115,1,1,1
141,5,838,0,59,136,1,1,1
142,5,837,5,60,137,1,1,1
143,5,837,11,60,137,1,1,1
144,5,836,16,61,139,1,1,1
145,5,836,22,61,139,1,1,1
146,5,835,28,62,140,1,1,1
147,5,835,33,62,141,1,1,1
148,5,834,39,63,141,1,1,1
149,5,834,44,63,143,1,1,1
150,5,833,50,64,143,1,1,1
151,5,833,56,64,144,1,1,1
152,5,832,63,64,144,1,1,1
153,5,832,70,64,144,1,1,1
154,5,832,78,64,144,1,1,1
155,5,832,85,64,144,1,1,1
156,5,832,93,64,144,1,1,1
157,5,832,100,64,144,1,1,1
158,5,832,107,64,144,1,1,1
159,5,832,115,64,144,1,1,1
160,5,832,122,64,144,1,1,1
161,5,832,130,64,144,1,1,1
162,5,832,138,64,143,1,1,1
163,5,832,147,64,141,1,1,1
164,5,832,155,64,141,1,1,1
165,5,832,164,64,139,1,1,1
166,5,833,172,64,139,1,1,1
167,5,833,181,64,137,1,1,1
168,5,833,189,64,136,1,1,1
169,5,833,198,64,135,1,1,1
170,5,833,206,64,134,1,1,1
171,5,834,215,64,133,1,1,1
172,5,833,222,65,132,1,1,1
173,5,833,230,65,131,1,1,1
174,5,833,237,65,131,1,1,1
175,5,832,245,66,130,1,1,1
176,5,832,252,66,130,1,1,1
177,5,832,260,66,129,1,1,1
178,5,831,267,67,129,1,1,1
179,5,831,275,67,128,1,1,1
180,5,831,282,67,128,1,1,1
181,5,831,290,67,127,1,1,1
182,5,830,297,67,127,1,1,1
183,5,829,304,68,127,1,1,1
184,5,828,311,69,127,1,1,1
185,5,828,318,69,127,1,1,1
186,5,827,326,70,127,1,1,1
187,5,826,333,70,127,1,1,1
188,5,826,340,70,127,1,1,1
189,5,825,347,71,127,1,1,1
190,5,824,354,72,127,1,1,1
191,5,824,362,72,127,1,1,1
192,5,823,369,73,130,1,1,1
193,5,823,377,73,132,1,1,1
194,5,822,385,74,134,1,1,1
195,5,822,393,74,136,1,1,1
196,5,822,401,74,138,1,1,1
197,5,821,409,75,140,1,1,1
198,5,821,417,75,142,1,1,1
199,5,820,425,76,144,1,1,1
200,5,820,433,76,146,1,1,1
201,5,820,441,77,149,1,1,1
202,5,820,449,76,148,1,1,1
203,5,820,457,76,147,1,1,1
204,5,821,465,74,146,1,1,1
205,5,821,473,74,145,1,1,1
206,5,822,481,73,145,1,1,1
207,5,822,489,72,144,1,1,1
208,5,822,497,72,143,1,1,1
209,5,823,505,70,142,1,1,1
210,5,823,513,70,141,1,1,1
211,5,824,522,69,140,1,1,1
212,5,823,525,71,141,1,1,1
213,5,822,529,73,142,1,1,1
214,5,822,533,74,142,1,1,1
215,5,821,537,76,143,1,1,1
216,5,821,541,77,144,1,1,1
217,5,820,544,79,145,1,1,1
218,5,819,548,81,146,1,1,1
219,5,819,552,82,146,1,1,1
220,5,818,556,84,147,1,1,1
221,5,818,560,85,148,1,1,1
222,5,819,562,86,147,1,1,1
223,5,820,564,87,146,1,1,1
224,5,821,567,88,144,1,1,1
225,5,822,569,90,143,1,1,1
226,5,823,572,91,142,1,1,1
227,5,824,574,92,141,1,1,1
228,5,825,576,94,140,1,1,1
229,5,826,579,95,138,1,1,1
230,5,827,581,96,137,1,1,1
231,5,828,584,98,136,1,1,1
232,5,830,585,98,136,1,1,1
233,5,833,586,98,137,1,1,1
234,5,836,587,97,138,1,1,1
235,5,839,589,97,138,1,1,1
236,5,842,590,96,139,1,1,1
237,5,844,591,97,139,1,1,1
238,5,847,593,96,139,1,1,1
239,5,850,594,96,140,1,1,1
240,5,853,595,95,141,1,1,1
241,5,856,597,95,141,1,1,1
242,5,858,597,94,142,1,1,1
243,5,860,598,94,143,1,1,1
244,5,862,598,93,145,1,1,1
245,5,865,599,92,145,1,1,1
246,5,867,600,91,146,1,1,1
247,5,869,600,91,148,1,1,1
248,5,872,601,89,148,1,1,1
249,5,874,601,89,150,1,1,1
250,5,876,602,88,151,1,1,1
251,5,879,603,87,152,1,1,1
252,5,880,603,89,152,1,1,1
253,5,881,604,92,151,1,1,1
254,5,882,605,95,150,1,1,1
255,5,884,606,96,149,1,1,1
256,5,885,607,99,149,1,1,1
257,5,886,607,102,149,1,1,1
258,5,888,608,103,148,1,1,1
259,5,889,609,106,147,1,1,1
260,5,890,610,109,146,1,1,1
261,5,892,611,111,146,1,1,1
262,5,893,611,109,147,1,1,1
263,5,894,612,107,147,1,1,1
264,5,895,612,105,148,1,1,1
265,5,896,613,103,148,1,1,1
266,5,897,614,102,149,1,1,1
267,5,898,614,100,150,1,1,1
268,5,899,615,98,150,1,1,1
269,5,900,615,96,151,1,1,1
270,5,901,616,94,151,1,1,1
271,5,903,617,92,152,1,1,1
272,5,899,617,93,152,1,1,1
273,5,896,617,93,152,1,1,1
274,5,893,617,94,152,1,1,1
275,5,890,618,94,151,1,1,1
276,5,887,618,95,152,1,1,1
277,5,884,618,95,152,1,1,1
278,5,881,619,95,151,1,1,1
279,5,878,619,96,151,1,1,1
280,5,875,619,96,151,1,1,1
281,5,872,620,97,151,1,1,1
282,5,866,619,99,152,1,1,1
283,5,861,619,100,152,1,1,1
284,5,856,619,102,152,1,1,1
285,5,851,618,103,154,1,1,1
286,5,846,618,105,154,1,1,1
287,5,840,618,107,154,1,1,1
288,5,835,617,108,156,1,1,1
289,5,830,617,110,156,1,1,1
290,5,825,617,111,156,1,1,1
291,5,820,617,113,157,1,1,1
292,5,817,617,110,157,1,1,1
293,5,814,618,108,156,1,1,1
294,5,811,619,105,155,1,1,1
295,5,808,620,103,154,1,1,1
296,5,805,621,100,154,1,1,1
297,5,802,622,98,153,1,1,1
298,5,799,623,95,152,1,1,1
299,5,796,624,93,151,1,1,1
300,5,793,625,90,150,1,1,1
301,5,791,626,87,150,1,1,1
302,5,787,627,87,149,1,1,1
303,5,783,628,88,149,1,1,1
304,5,779,629,88,149,1,1,1
305,5,775,631,89,148,1,1,1
306,5,771,632,90,148,1,1,1
307,5,767,633,90,148,1,1,1
308,5,763,635,91,147,1,1,1
309,5,759,636,91,147,1,1,1
310,5,755,637,92,147,1,1,1
311,5,751,639,93,146,1,1,1
312,5,744,642,93,147,1,1,1
313,5,738,645,93,148,1,1,1
314,5,731,648,94,149,1,1,1
315,5,725,652,93,150,1,1,1
316,5,718,655,94,151,1,1,1
317,5,712,658,94,152,1,1,1
318,5,705,662,94,153,1,1,1
319,5,699,665,94,154,1,1,1
320,5,692,668,95,155,1,1,1
321,5,686,672,95,156,1,1,1
322,5,679,677,97,155,1,1,1
323,5,673,682,98,155,1,1,1
324,5,666,687,100,154,1,1,1
325,5,660,692,102,154,1,1,1
326,5,653,698,104,153,1,1,1
327,5,647,703,105,152,1,1,1
328,5,640,708,108,152,1,1,1
329,5,634,713,109,151,1,1,1
330,5,627,718,111,151,1,1,1
331,5,621,724,113,150,1,1,1
332,5,612,730,112,149,1,1,1
333,5,604,737,111,147,1,1,1
334,5,596,744,110,145,1,1,1
335,5,587,751,110,143,1,1,1
336,5,579,758,109,142,1,1,1
337,5,571,764,107,141,1,1,1
338,5,562,771,107,139,1,1,1
339,5,554,778,106,137,1,1,1
340,5,546,785,105,135,1,1,1
341,5,538,792,104,134,1,1,1
342,5,532,799,105,133,1,1,1
343,5,526,806,106,132,1,1,1
344,5,521,813,106,131,1,1,1
345,5,515,820,107,130,1,1,1
346,5,510,827,107,130,1,1,1
347,5,504,834,108,129,1,1,1
348,5,498,841,109,128,1,1,1
349,5,493,848,109,127,1,1,1
350,5,487,855,110,126,1,1,1
351,5,482,863,111,125,1,1,1
352,5,477,873,113,123,1,1,1
353,5,472,883,116,122,1,1,1
354,5,467,894,119,120,1,1,1
355,5,462,904,121,118,1,1,1
356,5,458,915,123,116,1,1,1
357,5,453,925,126,115,1,1,1
358,5,448,935,128,113,1,1,1
359,5,443,946,131,111,1,1,1
360,5,438,956,134,110,1,1,1
361,5,434,967,136,108,1,1,1
181,6,1568,0,121,115,1,1,1
182,6,1571,0,124,119,1,1,1
183,6,1574,0,128,124,1,1,1
184,6,1577,0,131,129,1,1,1
185,6,1580,0,135,133,1,1,1
186,6,1584,0,137,138,1,1,1
187,6,1587,0,141,143,1,1,1
188,6,1590,0,144,147,1,1,1
189,6,1593,0,148,152,1,1,1
190,6,1596,0,151,157,1,1,1
191,6,1600,0,154,162,1,1,1
192,6,1603,0,156,163,1,1,1
193,6,1606,0,159,165,1,1,1
194,6,1609,0,161,167,1,1,1
195,6,1613,0,163,169,1,1,1
196,6,1616,0,165,171,1,1,1
197,6,1619,0,168,172,1,1,1
198,6,1623,0,169,174,1,1,1
199,6,1626,0,172,176,1,1,1
200,6,1629,0,174,178,1,1,1
201,6,1633,0,176,180,1,1,1
202,6,1637,0,173,184,1,1,1
203,6,1641,0,170,188,1,1,1
204,6,1645,0,168,192,1,1,1
205,6,1649,0,165,196,1,1,1
206,6,1653,0,163,200,1,1,1
207,6,1657,0,160,204,1,1,1
208,6,1661,0,157,208,1,1,1
209,6,1665,0,155,212,1,1,1
210,6,1669,0,152,216,1,1,1
211,6,1674,0,149,220,1,1,1
212,6,1675,0,152,218,1,1,1
213,6,1677,0,154,216,1,1,1
214,6,1679,0,157,215,1,1,1
215,6,1680,0,160,213,1,1,1
216,6,1682,0,163,212,1,1,1
217,6,1684,0,165,210,1,1,1
218,6,1685,0,168,208,1,1,1
219,6,1687,0,171,207,1,1,1
220,6,1689,0,173,205,1,1,1
221,6,1691,0,176,204,1,1,1
222,6,1693,0,176,201,1,1,1
223,6,1695,0,177,198,1,1,1
224,6,1697,0,177,195,1,1,1
225,6,1700,0,177,192,1,1,1
226,6,1702,0,177,189,1,1,1
227,6,1704,0,178,186,1,1,1
228,6,1707,0,177,183,1,1,1
229,6,1709,0,178,180,1,1,1
230,6,1711,0,178,177,1,1,1
231,6,1714,0,178,174,1,1,1
232,6,1716,0,177,174,1,1,1
233,6,1719,0,176,174,1,1,1
234,6,1722,0,175,174,1,1,1
235,6,1725,0,174,174,1,1,1
236,6,1728,0,173,175,1,1,1
237,6,1730,0,172,175,1,1,1
238,6,1733,0,171,175,1,1,1
239,6,1736,0,170,175,1,1,1
240,6,1739,0,169,175,1,1,1
241,6,1742,0,168,176,1,1,1
242,6,1743,0,166,173,1,1,1
243,6,1745,0,164,170,1,1,1
244,6,1747,0,162,167,1,1,1
245,6,1749,0,159,164,1,1,1
246,6,1751,1,157,160,1,1,1
247,6,1752,1,156,157,1,1,1
248,6,1754,1,153,154,1,1,1
249,6,1756,1,151,151,1,1,1
250,6,1758,1,149,148,1,1,1
251,6,1760,2,147,144,1,1,1
252,6,1758,1,148,143,1,1,1
253,6,1757,1,148,142,1,1,1
254,6,1755,1,150,140,1,1,1
255,6,1754,1,150,139,1,1,1
256,6,1753,1,151,137,1,1,1
257,6,1751,0,152,137,1,1,1
258,6,1750,0,152,135,1,1,1
259,6,1748,0,154,134,1,1,1
260,6,1747,0,154,132,1,1,1
261,6,1746,0,155,131,1,1,1
262,6,1746,0,151,127,1,1,1
263,6,1746,0,147,124,1,1,1
264,6,1746,0,144,121,1,1,1
265,6,1746,0,140,117,1,1,1
266,6,1746,1,137,113,1,1,1
267,6,1746,1,133,110,1,1,1
268,6,1746,1,129,106,1,1,1
269,6,1746,1,126,103,1,1,1
270,6,1746,1,122,100,1,1,1
271,6,1746,2,119,96,1,1,1
391,7,821,0,107,188,1,1,1
392,7,816,3,108,191,1,1,1
393,7,812,6,108,195,1,1,1
394,7,808,9,108,199,1,1,1
395,7,804,12,108,202,1,1,1
396,7,800,16,108,205,1,1,1
397,7,795,19,109,209,1,1,1
398,7,791,22,109,212,1,1,1
399,7,787,25,109,216,1,1,1
400,7,783,28,109,220,1,1,1
401,7,779,32,109,223,1,1,1
402,7,775,41,109,223,1,1,1
403,7,771,51,110,223,1,1,1
404,7,767,61,110,223,1,1,1
405,7,763,70,111,224,1,1,1
406,7,759,80,111,224,1,1,1
407,7,755,90,112,224,1,1,1
408,7,751,99,112,225,1,1,1
409,7,747,109,113,225,1,1,1
410,7,743,119,113,225,1,1,1
411,7,740,129,113,225,1,1,1
412,7,733,138,115,228,1,1,1
413,7,726,147,117,231,1,1,1
414,7,719,157,119,233,1,1,1
415,7,712,166,122,236,1,1,1
416,7,706,176,123,239,1,1,1
417,7,699,185,125,242,1,1,1
418,7,692,194,128,245,1,1,1
419,7,685,204,130,247,1,1,1
420,7,678,213,132,250,1,1,1
421,7,672,223,134,253,1,1,1
422,7,669,231,133,251,1,1,1
423,7,667,240,132,249,1,1,1
424,7,664,249,131,247,1,1,1
425,7,662,258,130,244,1,1,1
426,7,659,267,129,242,1,1,1
427,7,657,276,128,240,1,1,1
428,7,654,285,127,237,1,1,1
429,7,652,294,126,235,1,1,1
430,7,649,303,125,233,1,1,1
431,7,647,312,124,231,1,1,1
432,7,642,318,127,230,1,1,1
433,7,638,325,129,229,1,1,1
434,7,634,331,131,228,1,1,1
435,7,630,338,133,227,1,1,1
436,7,626,344,135,227,1,1,1
437,7,622,351,137,225,1,1,1
438,7,618,357,139,225,1,1,1
439,7,614,364,141,223,1,1,1
440,7,610,370,143,223,1,1,1
441,7,606,377,146,222,1,1,1
442,7,600,383,146,223,1,1,1
443,7,595,389,145,224,1,1,1
444,7,589,395,146,225,1,1,1
445,7,584,401,145,226,1,1,1
446,7,579,407,145,227,1,1,1
447,7,573,413,145,228,1,1,1
448,7,568,419,144,229,1,1,1
449,7,562,425,145,230,1,1,1
450,7,557,431,144,231,1,1,1
451,7,552,437,144,233,1,1,1
452,7,548,444,143,231,1,1,1
453,7,544,451,143,230,1,1,1
454,7,541,458,142,228,1,1,1
455,7,537,466,142,226,1,1,1
456,7,534,473,141,225,1,1,1
457,7,530,480,140,223,1,1,1
458,7,526,488,140,221,1,1,1
459,7,523,495,139,219,1,1,1
460,7,519,502,139,218,1,1,1
461,7,516,510,138,216,1,1,1
462,7,511,518,140,216,1,1,1
463,7,506,527,142,216,1,1,1
464,7,501,536,144,216,1,1,1
465,7,496,545,146,216,1,1,1
466,7,491,554,148,216,1,1,1
467,7,486,563,150,216,1,1,1
468,7,481,572,152,216,1,1,1
469,7,476,581,154,216,1,1,1
470,7,471,590,156,216,1,1,1
471,7,467,599,158,216,1,1,1
472,7,458,607,159,217,1,1,1
473,7,449,616,160,217,1,1,1
474,7,441,624,160,219,1,1,1
475,7,432,633,161,219,1,1,1
476,7,424,642,161,220,1,1,1
477,7,415,650,162,221,1,1,1
478,7,406,659,163,221,1,1,1
479,7,398,667,163,223,1,1,1
480,7,389,676,164,223,1,1,1
481,7,381,685,164,224,1,1,1
482,7,374,699,167,223,1,1,1
483,7,368,713,169,223,1,1,1
484,7,362,727,171,222,1,1,1
485,7,355,741,174,222,1,1,1
486,7,349,756,177,221,1,1,1
487,7,343,770,179,220,1,1,1
488,7,336,784,182,220,1,1,1
489,7,330,798,184,219,1,1,1
490,7,324,812,186,219,1,1,1
491,7,318,827,189,218,1,1,1
492,7,307,844,186,204,1,1,1
493,7,296,861,184,190,1,1,1
494,7,285,879,181,175,1,1,1
495,7,274,896,179,162,1,1,1
496,7,263,914,176,147,1,1,1
497,7,252,931,174,133,1,1,1
498,7,241,948,171,120,1,1,1
499,7,230,966,169,105,1,1,1
500,7,219,983,166,91,1,1,1
501,7,208,1001,164,77,1,1,1
541,8,1526,0,117,215,1,1,1
542,8,1525,0,120,217,1,1,1
543,8,1525,0,123,219,1,1,1
544,8,1524,0,127,221,1,1,1
545,8,1524,0,130,223,1,1,1
546,8,1523,0,134,226,1,1,1
547,8,1523,0,136,228,1,1,1
548,8,1522,0,140,230,1,1,1
549,8,1522,0,143,232,1,1,1
550,8,1521,0,147,234,1,1,1
551,8,1521,0,150,237,1,1,1
552,8,1521,4,149,240,1,1,1
553,8,1521,9,149,243,1,1,1
554,8,1522,14,148,246,1,1,1
555,8,1522,18,148,250,1,1,1
556,8,1523,23,147,253,1,1,1
557,8,1523,28,147,256,1,1,1
558,8,1523,32,147,260,1,1,1
559,8,1524,37,146,263,1,1,1
560,8,1524,42,146,266,1,1,1
561,8,1525,47,145,269,1,1,1
562,8,1525,48,144,267,1,1,1
563,8,1526,49,143,266,1,1,1
564,8,1526,50,143,265,1,1,1
565,8,1527,51,142,264,1,1,1
566,8,1528,52,141,263,1,1,1
567,8,1528,53,140,262,1,1,1
568,8,1529,54,139,261,1,1,1
569,8,1529,55,139,260,1,1,1
570,8,1530,56,138,259,1,1,1
571,8,1531,57,137,258,1,1,1
572,8,1530,55,138,259,1,1,1
573,8,1529,54,139,259,1,1,1
574,8,1528,53,140,259,1,1,1
575,8,1528,52,140,259,1,1,1
576,8,1527,51,141,259,1,1,1
577,8,1526,49,142,260,1,1,1
578,8,1526,48,142,260,1,1,1
579,8,1525,47,143,260,1,1,1
580,8,1524,46,144,260,1,1,1
551,10,975,0,62,108,1,1,1
552,10,974,0,64,112,1,1,1
553,10,973,0,67,117,1,1,1
554,10,972,0,69,122,1,1,1
555,10,971,0,72,127,1,1,1
556,10,971,0,73,132,1,1,1
557,10,970,0,76,137,1,1,1
558,10,969,0,78,142,1,1,1
559,10,968,0,81,147,1,1,1
560,10,967,0,83,152,1,1,1
561,10,967,0,85,157,1,1,1
562,10,968,0,86,157,1,1,1
563,10,969,0,88,158,1,1,1
564,10,970,0,90,158,1,1,1
565,10,971,0,92,159,1,1,1
566,10,972,0,94,159,1,1,1
567,10,973,0,95,160,1,1,1
568,10,974,0,97,160,1,1,1
569,10,975,0,99,161,1,1,1
570,10,976,0,101,161,1,1,1
571,10,978,0,102,162,1,1,1
572,10,978,0,104,162,1,1,1
573,10,979,0,105,163,1,1,1
574,10,980,0,106,164,1,1,1
575,10,981,0,107,165,1,1,1
576,10,982,0,109,166,1,1,1
577,10,982,0,111,167,1,1,1
578,10,983,0,112,168,1,1,1
579,10,984,0,113,169,1,1,1
580,10,985,0,114,170,1,1,1
551,11,1223,0,84,135,1,1,1
552,11,1224,0,84,138,1,1,1
553,11,1226,0,83,142,1,1,1
554,11,1228,0,82,145,1,1,1
555,11,1229,0,82,149,1,1,1
556,11,1231,0,81,152,1,1,1
557,11,1233,0,80,156,1,1,1
558,11,1234,0,80,159,1,1,1
559,11,1236,0,79,163,1,1,1
560,11,1238,0,78,166,1,1,1
561,11,1240,0,78,170,1,1,1
562,11,1240,0,81,173,1,1,1
563,11,1240,0,84,177,1,1,1
564,11,1240,0,87,181,1,1,1
565,11,1240,0,90,185,1,1,1
566,11,1241,0,92,189,1,1,1
567,11,1241,0,95,192,1,1,1
568,11,1241,0,98,196,1,1,1
569,11,1241,0,101,200,1,1,1
570,11,1241,0,104,204,1,1,1
571,11,1242,0,106,208,1,1,1
572,11,1242,0,105,205,1,1,1
573,11,1243,0,104,202,1,1,1
574,11,1243,0,104,199,1,1,1
575,11,1244,0,103,197,1,1,1
576,11,1245,0,102,194,1,1,1
577,11,1245,0,102,191,1,1,1
578,11,1246,0,101,189,1,1,1
579,11,1246,0,101,186,1,1,1
580,11,1247,0,100,183,1,1,1
531,12,437,6,113,117,1,1,1
532,12,435,13,113,117,1,1,1
533,12,434,20,112,118,1,1,1
534,12,432,27,112,119,1,1,1
535,12,431,35,111,119,1,1,1
536,12,430,42,111,120,1,1,1
537,12,428,49,111,121,1,1,1
538,12,427,57,110,121,1,1,1
539,12,425,64,110,122,1,1,1
540,12,424,71,109,123,1,1,1
541,12,423,79,109,123,1,1,1
542,12,420,86,110,124,1,1,1
543,12,417,94,111,125,1,1,1
544,12,415,102,111,125,1,1,1
545,12,412,110,112,126,1,1,1
546,12,410,118,112,126,1,1,1
547,12,407,126,113,127,1,1,1
548,12,404,134,114,127,1,1,1
549,12,402,142,114,128,1,1,1
550,12,399,150,115,128,1,1,1
551,12,397,158,115,129,1,1,1
552,12,393,167,115,129,1,1,1
553,12,390,177,115,128,1,1,1
554,12,387,187,115,127,1,1,1
555,12,383,197,115,126,1,1,1
556,12,380,207,115,125,1,1,1
557,12,377,217,115,124,1,1,1
558,12,373,227,115,123,1,1,1
559,12,370,237,115,122,1,1,1
560,12,367,247,115,121,1,1,1
561,12,364,257,115,121,1,1,1
562,12,361,261,116,123,1,1,1
563,12,358,266,118,125,1,1,1
564,12,355,271,120,127,1,1,1
565,12,352,276,122,129,1,1,1
566,12,350,281,123,131,1,1,1
567,12,347,286,125,132,1,1,1
568,12,344,291,127,134,1,1,1
569,12,341,296,129,136,1,1,1
570,12,338,301,131,138,1,1,1
571,12,336,306,132,140,1,1,1
572,12,335,308,134,140,1,1,1
573,12,335,310,135,141,1,1,1
574,12,334,312,137,141,1,1,1
575,12,334,314,138,142,1,1,1
576,12,334,316,140,143,1,1,1
577,12,333,318,142,143,1,1,1
578,12,333,320,143,144,1,1,1
579,12,332,322,145,144,1,1,1
580,12,332,324,146,145,1,1,1
541,13,411,2,170,125,1,1,1
542,13,408,4,169,129,1,1,1
543,13,406,7,168,133,1,1,1
544,13,403,10,168,137,1,1,1
545,13,401,13,167,141,1,1,1
546,13,398,16,167,145,1,1,1
547,13,396,18,166,150,1,1,1
548,13,393,21,166,154,1,1,1
549,13,391,24,165,158,1,1,1
550,13,388,27,165,162,1,1,1
551,13,386,30,164,166,1,1,1
552,13,383,37,165,168,1,1,1
553,13,381,44,165,171,1,1,1
554,13,378,51,166,173,1,1,1
555,13,376,58,166,176,1,1,1
556,13,374,65,167,178,1,1,1
557,13,371,72,168,181,1,1,1
558,13,369,79,168,183,1,1,1
559,13,366,86,169,186,1,1,1
560,13,364,93,169,188,1,1,1
561,13,362,101,170,190,1,1,1
562,13,359,105,171,191,1,1,1
563,13,356,110,172,192,1,1,1
564,13,353,115,173,193,1,1,1
565,13,350,119,174,194,1,1,1
566,13,347,124,175,195,1,1,1
567,13,344,129,176,196,1,1,1
568,13,341,133,177,197,1,1,1
569,13,338,138,178,198,1,1,1
570,13,335,143,179,199,1,1,1
571,13,332,148,180,200,1,1,1
572,13,331,151,180,197,1,1,1
573,13,330,154,181,195,1,1,1
574,13,330,157,181,192,1,1,1
575,13,329,160,182,190,1,1,1
576,13,329,164,182,187,1,1,1
577,13,328,167,182,184,1,1,1
578,13,327,170,183,182,1,1,1
579,13,327,173,183,179,1,1,1
580,13,326,176,184,177,1,1,1
551,14,194,2,154,89,1,1,1
552,14,191,4,153,93,1,1,1
553,14,188,6,153,98,1,1,1
554,14,185,9,153,102,1,1,1
555,14,182,11,153,107,1,1,1
556,14,179,14,153,111,1,1,1
557,14,176,16,152,116,1,1,1
558,14,173,18,152,121,1,1,1
559,14,170,21,152,125,1,1,1
560,14,167,23,152,130,1,1,1
561,14,164,26,152,134,1,1,1
562,14,160,29,154,135,1,1,1
563,14,157,33,156,135,1,1,1
564,14,154,37,157,135,1,1,1
565,14,151,40,159,137,1,1,1
566,14,148,44,161,137,1,1,1
567,14,144,48,163,137,1,1,1
568,14,141,51,165,139,1,1,1
569,14,138,55,166,139,1,1,1
570,14,135,59,168,139,1,1,1
571,14,132,63,170,140,1,1,1
572,14,130,64,170,140,1,1,1
573,14,129,65,170,141,1,1,1
574,14,128,66,169,142,1,1,1
575,14,126,67,170,143,1,1,1
576,14,125,68,169,144,1,1,1
577,14,124,69,169,144,1,1,1
578,14,122,70,169,145,1,1,1
579,14,121,71,169,146,1,1,1
580,14,120,72,168,147,1,1,1
