3, 1, 530.02, 353.02, 171.75, 295.47, 1, -1, -1, -1
4, 1, 527.67, 347.10, 176.72, 304.02, 1, -1, -1, -1
5, 1, 528.46, 341.67, 179.56, 308.88, 1, -1, -1, -1
6, 1, 528.49, 336.45, 182.43, 313.85, 1, -1, -1, -1
7, 1, 528.48, 331.33, 184.10, 316.79, 1, -1, -1, -1
8, 1, 528.11, 326.26, 186.05, 320.38, 1, -1, -1, -1
9, 1, 525.84, 320.54, 186.94, 322.19, 1, -1, -1, -1
10, 1, 524.93, 314.59, 186.65, 322.02, 1, -1, -1, -1
11, 1, 525.14, 309.22, 184.72, 319.12, 1, -1, -1, -1
12, 1, 525.96, 304.08, 181.83, 314.55, 1, -1, -1, -1
13, 1, 527.88, 300.36, 177.50, 307.37, 1, -1, -1, -1
14, 1, 529.81, 295.17, 174.13, 301.93, 1, -1, -1, -1
15, 1, 530.21, 289.42, 172.83, 299.90, 1, -1, -1, -1
16, 1, 531.03, 284.81, 170.35, 295.81, 1, -1, -1, -1
17, 1, 531.20, 279.95, 169.70, 294.98, 1, -1, -1, -1
18, 1, 532.34, 276.34, 167.97, 292.03, 1, -1, -1, -1
19, 1, 534.32, 272.52, 167.57, 291.64, 1, -1, -1, -1
20, 1, 535.76, 269.29, 167.34, 291.53, 1, -1, -1, -1
21, 1, 536.11, 265.60, 168.27, 293.53, 1, -1, -1, -1
22, 1, 534.25, 261.07, 169.27, 295.63, 1, -1, -1, -1
23, 1, 532.02, 255.56, 171.36, 299.75, 1, -1, -1, -1
24, 1, 532.66, 251.01, 171.81, 301.31, 1, -1, -1, -1
25, 1, 532.94, 246.16, 173.23, 304.52, 1, -1, -1, -1
26, 1, 533.17, 240.54, 174.81, 308.35, 1, -1, -1, -1
27, 1, 533.91, 234.64, 175.40, 310.44, 1, -1, -1, -1
28, 1, 533.80, 227.32, 177.70, 315.79, 1, -1, -1, -1
29, 1, 534.33, 220.78, 178.07, 317.78, 1, -1, -1, -1
30, 1, 537.51, 215.19, 176.15, 315.86, 1, -1, -1, -1
31, 1, 542.28, 210.63, 170.89, 307.82, 1, -1, -1, -1
32, 1, 546.40, 206.48, 165.56, 299.39, 1, -1, -1, -1
33, 1, 549.44, 202.47, 162.50, 294.89, 1, -1, -1, -1
34, 1, 552.39, 197.84, 160.98, 293.26, 1, -1, -1, -1
35, 1, 553.39, 192.97, 161.88, 296.03, 1, -1, -1, -1
36, 1, 554.54, 188.02, 161.90, 297.09, 1, -1, -1, -1
37, 1, 555.91, 183.03, 160.60, 295.54, 1, -1, -1, -1
38, 1, 557.88, 178.70, 158.45, 292.32, 1, -1, -1, -1
39, 1, 558.80, 174.61, 157.86, 291.80, 1, -1, -1, -1
40, 1, 558.28, 169.95, 159.93, 296.29, 1, -1, -1, -1
41, 1, 557.29, 166.38, 162.24, 301.28, 1, -1, -1, -1
42, 1, 557.36, 163.23, 162.82, 303.18, 1, -1, -1, -1
43, 1, 558.07, 158.92, 164.90, 307.83, 1, -1, -1, -1
44, 1, 558.65, 154.82, 165.65, 310.23, 1, -1, -1, -1
45, 1, 557.53, 151.45, 165.94, 311.77, 1, -1, -1, -1
46, 1, 557.54, 147.05, 167.73, 316.25, 1, -1, -1, -1
47, 1, 557.91, 142.91, 168.28, 318.57, 1, -1, -1, -1
48, 1, 557.93, 138.87, 168.69, 320.70, 1, -1, -1, -1
49, 1, 557.82, 133.55, 169.02, 322.77, 1, -1, -1, -1
50, 1, 560.70, 129.72, 163.26, 313.02, 1, -1, -1, -1
51, 1, 562.02, 126.46, 157.21, 302.53, 1, -1, -1, -1
52, 1, 563.50, 122.75, 152.28, 293.90, 1, -1, -1, -1
53, 1, 563.61, 118.87, 150.64, 291.43, 1, -1, -1, -1
54, 1, 563.88, 115.59, 148.89, 288.57, 1, -1, -1, -1
55, 1, 564.18, 113.20, 147.83, 286.91, 1, -1, -1, -1
56, 1, 563.94, 111.13, 148.15, 287.70, 1, -1, -1, -1
57, 1, 565.18, 109.83, 148.94, 289.39, 1, -1, -1, -1
58, 1, 566.02, 107.49, 150.49, 292.73, 1, -1, -1, -1
59, 1, 566.88, 105.41, 150.61, 293.36, 1, -1, -1, -1
60, 1, 567.91, 104.09, 150.56, 293.62, 1, -1, -1, -1
61, 1, 570.68, 103.71, 150.35, 293.74, 1, -1, -1, -1
62, 1, 573.10, 103.67, 150.15, 293.80, 1, -1, -1, -1
63, 1, 574.94, 103.10, 150.14, 294.49, 1, -1, -1, -1
64, 1, 576.72, 101.65, 149.86, 294.76, 1, -1, -1, -1
65, 1, 580.79, 101.18, 147.53, 290.91, 1, -1, -1, -1
66, 1, 585.05, 101.75, 144.43, 285.47, 1, -1, -1, -1
67, 1, 589.20, 101.38, 142.73, 282.79, 1, -1, -1, -1
68, 1, 592.25, 99.97, 140.97, 279.84, 1, -1, -1, -1
69, 1, 595.24, 98.83, 139.81, 278.13, 1, -1, -1, -1
70, 1, 597.01, 97.80, 139.26, 277.54, 1, -1, -1, -1
71, 1, 598.85, 95.47, 140.56, 280.71, 1, -1, -1, -1
72, 1, 601.14, 93.99, 139.03, 277.97, 1, -1, -1, -1
73, 1, 603.44, 93.50, 137.43, 274.97, 1, -1, -1, -1
74, 1, 604.91, 92.71, 136.80, 273.89, 1, -1, -1, -1
75, 1, 605.68, 91.13, 137.30, 274.87, 1, -1, -1, -1
76, 1, 606.04, 89.93, 137.89, 275.94, 1, -1, -1, -1
77, 1, 606.47, 88.20, 137.41, 275.06, 1, -1, -1, -1
78, 1, 607.38, 85.62, 138.26, 276.74, 1, -1, -1, -1
79, 1, 607.38, 82.72, 139.83, 280.04, 1, -1, -1, -1
80, 1, 606.55, 79.70, 141.98, 284.59, 1, -1, -1, -1
81, 1, 605.95, 75.34, 143.28, 287.63, 1, -1, -1, -1
82, 1, 606.39, 71.12, 142.36, 286.14, 1, -1, -1, -1
83, 1, 606.57, 66.96, 139.92, 281.59, 1, -1, -1, -1
84, 1, 606.50, 64.82, 137.20, 276.53, 1, -1, -1, -1
85, 1, 606.64, 60.79, 135.79, 273.98, 1, -1, -1, -1
86, 1, 607.22, 56.72, 133.51, 269.72, 1, -1, -1, -1
87, 1, 606.65, 52.64, 133.52, 270.17, 1, -1, -1, -1
88, 1, 605.30, 49.23, 134.48, 272.37, 1, -1, -1, -1
89, 1, 605.47, 46.74, 133.47, 270.58, 1, -1, -1, -1
90, 1, 605.31, 44.59, 132.85, 269.27, 1, -1, -1, -1
91, 1, 604.96, 42.58, 133.21, 270.14, 1, -1, -1, -1
92, 1, 604.04, 40.60, 134.26, 272.47, 1, -1, -1, -1
93, 1, 603.86, 39.30, 133.67, 271.40, 1, -1, -1, -1
94, 1, 603.01, 38.25, 135.02, 274.31, 1, -1, -1, -1
95, 1, 602.44, 36.62, 135.39, 275.41, 1, -1, -1, -1
96, 1, 602.27, 35.44, 135.43, 275.83, 1, -1, -1, -1
97, 1, 602.78, 33.75, 135.64, 276.65, 1, -1, -1, -1
98, 1, 603.82, 31.88, 134.69, 274.97, 1, -1, -1, -1
99, 1, 605.15, 29.93, 134.44, 274.99, 1, -1, -1, -1
100, 1, 606.00, 29.28, 133.66, 273.68, 1, -1, -1, -1
101, 1, 606.21, 27.78, 133.56, 273.84, 1, -1, -1, -1
102, 1, 606.86, 26.63, 133.72, 274.57, 1, -1, -1, -1
103, 1, 608.46, 24.29, 133.02, 273.53, 1, -1, -1, -1
104, 1, 609.63, 22.15, 132.94, 273.80, 1, -1, -1, -1
105, 1, 610.39, 21.41, 132.89, 273.90, 1, -1, -1, -1
106, 1, 610.55, 20.55, 133.09, 274.61, 1, -1, -1, -1
107, 1, 610.63, 20.28, 133.10, 274.87, 1, -1, -1, -1
108, 1, 609.50, 19.59, 133.41, 275.63, 1, -1, -1, -1
109, 1, 608.95, 18.72, 134.40, 277.90, 1, -1, -1, -1
110, 1, 607.73, 19.10, 134.82, 278.75, 1, -1, -1, -1
111, 1, 606.46, 19.29, 135.24, 279.71, 1, -1, -1, -1
112, 1, 604.71, 19.41, 137.30, 284.02, 1, -1, -1, -1
113, 1, 602.76, 20.14, 138.69, 286.93, 1, -1, -1, -1
114, 1, 601.89, 21.11, 138.82, 287.36, 1, -1, -1, -1
115, 1, 601.72, 22.82, 137.91, 285.50, 1, -1, -1, -1
116, 1, 600.21, 24.82, 136.52, 282.78, 1, -1, -1, -1
117, 1, 599.00, 26.24, 135.30, 280.40, 1, -1, -1, -1
118, 1, 598.30, 27.44, 134.06, 278.17, 1, -1, -1, -1
119, 1, 598.23, 28.55, 132.60, 275.34, 1, -1, -1, -1
120, 1, 598.11, 29.62, 131.63, 273.62, 1, -1, -1, -1
121, 1, 597.98, 30.67, 130.83, 272.33, 1, -1, -1, -1
122, 1, 598.27, 31.72, 129.91, 270.55, 1, -1, -1, -1
122, 2, 953.27, 7.96, 144.03, 240.79, 1, -1, -1, -1
123, 1, 598.15, 34.08, 130.08, 271.24, 1, -1, -1, -1
123, 2, 948.02, 13.88, 144.58, 241.83, 1, -1, -1, -1
124, 1, 598.31, 35.61, 130.45, 272.18, 1, -1, -1, -1
124, 2, 942.76, 21.53, 143.36, 239.93, 1, -1, -1, -1
125, 1, 598.26, 37.47, 130.18, 271.90, 1, -1, -1, -1
125, 2, 937.23, 28.94, 140.77, 235.67, 1, -1, -1, -1
126, 1, 598.16, 40.13, 130.93, 273.80, 1, -1, -1, -1
126, 2, 930.98, 36.20, 139.07, 232.78, 1, -1, -1, -1
127, 1, 598.04, 43.08, 130.77, 273.87, 1, -1, -1, -1
127, 2, 925.89, 41.97, 139.85, 233.91, 1, -1, -1, -1
128, 1, 597.00, 45.46, 132.06, 277.21, 1, -1, -1, -1
128, 2, 920.00, 47.90, 141.16, 235.73, 1, -1, -1, -1
129, 1, 597.34, 48.95, 131.75, 277.15, 1, -1, -1, -1
129, 2, 914.10, 55.24, 141.45, 235.76, 1, -1, -1, -1
130, 1, 598.07, 52.19, 130.48, 275.14, 1, -1, -1, -1
130, 2, 909.71, 61.07, 143.03, 237.81, 1, -1, -1, -1
131, 1, 598.95, 56.00, 129.47, 273.71, 1, -1, -1, -1
131, 2, 903.93, 67.01, 144.97, 240.58, 1, -1, -1, -1
132, 1, 600.02, 59.35, 128.28, 271.85, 1, -1, -1, -1
132, 2, 896.45, 72.33, 147.43, 244.28, 1, -1, -1, -1
133, 1, 601.04, 63.18, 127.95, 271.82, 1, -1, -1, -1
133, 2, 887.32, 78.07, 152.11, 251.60, 1, -1, -1, -1
134, 1, 602.28, 66.51, 126.77, 269.84, 1, -1, -1, -1
134, 2, 878.92, 83.98, 156.24, 258.26, 1, -1, -1, -1
135, 1, 603.31, 69.00, 125.20, 267.11, 1, -1, -1, -1
135, 2, 870.74, 89.95, 159.64, 264.03, 1, -1, -1, -1
136, 1, 604.54, 71.17, 123.58, 264.12, 1, -1, -1, -1
136, 2, 864.96, 98.54, 158.81, 262.92, 1, -1, -1, -1
137, 1, 605.62, 73.21, 124.40, 266.36, 1, -1, -1, -1
137, 2, 859.04, 107.52, 157.13, 260.41, 1, -1, -1, -1
138, 1, 606.73, 75.87, 124.60, 267.23, 1, -1, -1, -1
138, 2, 851.41, 116.63, 157.81, 262.01, 1, -1, -1, -1
139, 1, 607.07, 78.77, 125.46, 269.56, 1, -1, -1, -1
139, 2, 846.09, 126.41, 153.50, 255.34, 1, -1, -1, -1
140, 1, 606.77, 82.41, 127.27, 273.75, 1, -1, -1, -1
140, 2, 839.40, 135.81, 151.73, 252.70, 1, -1, -1, -1
141, 1, 606.81, 86.32, 127.62, 274.68, 1, -1, -1, -1
141, 2, 832.70, 145.03, 150.63, 251.03, 1, -1, -1, -1
142, 1, 606.86, 90.34, 128.32, 276.34, 1, -1, -1, -1
142, 2, 826.51, 154.84, 148.78, 247.74, 1, -1, -1, -1
143, 1, 606.11, 94.40, 129.43, 278.93, 1, -1, -1, -1
143, 2, 821.92, 164.87, 147.81, 245.83, 1, -1, -1, -1
144, 1, 605.82, 99.11, 129.17, 278.57, 1, -1, -1, -1
144, 2, 816.52, 174.97, 147.99, 245.79, 1, -1, -1, -1
144, 3, 828.52, 12.75, 73.73, 158.82, 1, -1, -1, -1
145, 1, 605.86, 104.74, 128.74, 277.75, 1, -1, -1, -1
145, 2, 811.48, 185.74, 146.61, 243.14, 1, -1, -1, -1
145, 3, 828.08, 18.97, 74.86, 161.44, 1, -1, -1, -1
145, 4, 329.03, 6.16, 146.98, 244.79, 1, -1, -1, -1
146, 1, 605.75, 110.05, 128.81, 278.08, 1, -1, -1, -1
146, 2, 804.62, 197.43, 145.87, 241.50, 1, -1, -1, -1
146, 3, 828.16, 25.94, 75.50, 162.97, 1, -1, -1, -1
146, 4, 327.91, 10.28, 149.32, 248.88, 1, -1, -1, -1
147, 1, 605.97, 115.22, 127.64, 275.54, 1, -1, -1, -1
147, 2, 798.96, 208.78, 144.96, 239.58, 1, -1, -1, -1
147, 3, 827.08, 32.36, 77.20, 166.97, 1, -1, -1, -1
147, 4, 328.32, 15.90, 149.96, 250.17, 1, -1, -1, -1
148, 1, 605.91, 120.34, 127.46, 275.23, 1, -1, -1, -1
148, 2, 794.46, 220.00, 145.21, 239.56, 1, -1, -1, -1
148, 3, 826.61, 39.25, 77.96, 169.00, 1, -1, -1, -1
148, 4, 328.91, 21.23, 149.97, 250.52, 1, -1, -1, -1
149, 1, 605.79, 125.42, 128.25, 277.09, 1, -1, -1, -1
149, 2, 790.17, 230.47, 145.02, 238.92, 1, -1, -1, -1
149, 3, 826.81, 46.29, 77.50, 168.30, 1, -1, -1, -1
149, 4, 331.86, 27.12, 149.34, 249.86, 1, -1, -1, -1
150, 1, 606.38, 130.49, 127.27, 275.15, 1, -1, -1, -1
150, 2, 785.53, 241.34, 143.51, 236.05, 1, -1, -1, -1
150, 3, 827.43, 54.05, 76.22, 165.91, 1, -1, -1, -1
150, 4, 333.75, 32.49, 148.78, 249.57, 1, -1, -1, -1
151, 1, 607.28, 135.56, 126.85, 274.40, 1, -1, -1, -1
151, 2, 779.50, 251.68, 143.33, 235.68, 1, -1, -1, -1
151, 3, 827.07, 61.39, 76.24, 166.29, 1, -1, -1, -1
151, 4, 336.15, 39.02, 147.82, 248.74, 1, -1, -1, -1
152, 1, 608.05, 141.27, 126.49, 273.46, 1, -1, -1, -1
152, 2, 772.97, 261.82, 142.97, 234.91, 1, -1, -1, -1
152, 3, 826.98, 69.22, 75.50, 165.06, 1, -1, -1, -1
152, 4, 339.67, 45.28, 147.51, 249.08, 1, -1, -1, -1
153, 1, 611.71, 147.23, 124.89, 269.79, 1, -1, -1, -1
153, 2, 766.50, 271.88, 142.02, 233.33, 1, -1, -1, -1
153, 3, 827.37, 75.89, 75.03, 164.56, 1, -1, -1, -1
153, 4, 342.25, 50.09, 147.42, 249.85, 1, -1, -1, -1
154, 1, 614.65, 152.61, 123.82, 267.09, 1, -1, -1, -1
154, 2, 759.09, 281.91, 142.14, 233.44, 1, -1, -1, -1
154, 3, 828.19, 82.79, 72.85, 160.34, 1, -1, -1, -1
154, 4, 344.18, 55.01, 147.33, 250.79, 1, -1, -1, -1
155, 1, 618.30, 159.10, 121.58, 261.44, 1, -1, -1, -1
155, 2, 751.56, 292.59, 141.55, 232.19, 1, -1, -1, -1
155, 3, 828.84, 89.78, 71.35, 157.39, 1, -1, -1, -1
155, 4, 346.81, 59.99, 148.02, 253.12, 1, -1, -1, -1
156, 1, 622.75, 166.68, 119.88, 256.69, 1, -1, -1, -1
156, 2, 744.19, 305.51, 139.60, 228.43, 1, -1, -1, -1
156, 3, 829.26, 96.80, 70.44, 155.63, 1, -1, -1, -1
156, 4, 349.58, 65.64, 148.56, 255.29, 1, -1, -1, -1
157, 1, 625.85, 174.65, 120.28, 256.32, 1, -1, -1, -1
157, 2, 737.32, 317.94, 139.62, 227.73, 1, -1, -1, -1
157, 3, 829.42, 104.49, 69.44, 153.66, 1, -1, -1, -1
157, 4, 353.71, 72.21, 148.42, 256.08, 1, -1, -1, -1
158, 1, 628.57, 182.06, 121.84, 258.25, 1, -1, -1, -1
158, 2, 730.40, 329.49, 139.54, 226.85, 1, -1, -1, -1
158, 3, 829.63, 111.76, 68.76, 152.29, 1, -1, -1, -1
158, 4, 358.46, 77.81, 149.09, 258.33, 1, -1, -1, -1
159, 1, 630.67, 190.59, 122.81, 259.02, 1, -1, -1, -1
159, 2, 722.84, 340.05, 140.67, 227.90, 1, -1, -1, -1
159, 3, 829.60, 118.87, 68.75, 152.48, 1, -1, -1, -1
159, 4, 362.33, 84.34, 148.98, 259.14, 1, -1, -1, -1
160, 1, 630.84, 199.54, 123.60, 259.35, 1, -1, -1, -1
160, 2, 716.20, 351.56, 140.58, 227.00, 1, -1, -1, -1
160, 3, 830.24, 127.25, 68.09, 151.25, 1, -1, -1, -1
160, 4, 365.03, 90.57, 148.93, 260.07, 1, -1, -1, -1
161, 1, 631.71, 207.97, 124.80, 260.84, 1, -1, -1, -1
161, 2, 707.73, 360.11, 142.41, 229.36, 1, -1, -1, -1
161, 3, 830.77, 135.44, 67.29, 149.48, 1, -1, -1, -1
161, 4, 368.88, 97.34, 148.99, 261.04, 1, -1, -1, -1
162, 1, 637.05, 216.19, 126.34, 262.75, 1, -1, -1, -1
162, 2, 698.90, 372.85, 139.68, 224.32, 1, -1, -1, -1
162, 3, 831.73, 144.21, 66.13, 146.85, 1, -1, -1, -1
162, 4, 371.00, 103.65, 149.46, 262.68, 1, -1, -1, -1
163, 1, 643.73, 224.32, 128.00, 264.80, 1, -1, -1, -1
163, 2, 693.50, 387.20, 136.70, 219.09, 1, -1, -1, -1
163, 3, 832.85, 153.21, 64.86, 143.90, 1, -1, -1, -1
163, 4, 374.43, 109.78, 150.10, 264.58, 1, -1, -1, -1
164, 1, 648.49, 232.41, 129.26, 266.25, 1, -1, -1, -1
164, 2, 687.40, 399.46, 135.67, 217.19, 1, -1, -1, -1
164, 3, 833.10, 161.60, 64.70, 143.53, 1, -1, -1, -1
164, 4, 375.80, 115.18, 151.96, 268.55, 1, -1, -1, -1
165, 1, 653.88, 240.49, 128.95, 264.16, 1, -1, -1, -1
165, 2, 680.05, 411.58, 136.67, 218.55, 1, -1, -1, -1
165, 3, 833.60, 170.43, 64.50, 142.77, 1, -1, -1, -1
165, 4, 376.31, 120.31, 153.17, 271.32, 1, -1, -1, -1
166, 1, 660.52, 249.21, 127.35, 259.39, 1, -1, -1, -1
166, 2, 670.63, 422.99, 141.63, 226.41, 1, -1, -1, -1
166, 3, 835.19, 179.42, 64.27, 141.87, 1, -1, -1, -1
166, 4, 376.97, 124.68, 154.45, 274.29, 1, -1, -1, -1
167, 1, 668.14, 258.85, 124.88, 252.94, 1, -1, -1, -1
167, 2, 659.74, 434.13, 144.86, 231.32, 1, -1, -1, -1
167, 3, 834.52, 187.79, 64.04, 140.91, 1, -1, -1, -1
167, 4, 379.87, 129.41, 154.69, 275.36, 1, -1, -1, -1
168, 1, 673.84, 266.82, 123.95, 249.89, 1, -1, -1, -1
168, 2, 646.43, 445.17, 148.57, 237.14, 1, -1, -1, -1
168, 3, 833.68, 195.93, 64.43, 141.27, 1, -1, -1, -1
168, 4, 382.03, 134.95, 154.46, 275.71, 1, -1, -1, -1
169, 1, 679.50, 275.49, 122.90, 246.81, 1, -1, -1, -1
169, 2, 634.54, 456.82, 151.69, 241.95, 1, -1, -1, -1
169, 3, 833.56, 203.98, 64.20, 140.11, 1, -1, -1, -1
169, 4, 384.49, 140.14, 152.88, 273.81, 1, -1, -1, -1
170, 1, 683.98, 283.09, 122.79, 245.72, 1, -1, -1, -1
170, 2, 623.75, 469.37, 154.16, 245.72, 1, -1, -1, -1
170, 3, 833.57, 211.33, 64.64, 140.38, 1, -1, -1, -1
170, 4, 387.98, 145.19, 151.57, 272.36, 1, -1, -1, -1
171, 1, 688.40, 290.28, 122.91, 245.38, 1, -1, -1, -1
171, 2, 614.84, 482.90, 154.79, 246.47, 1, -1, -1, -1
171, 3, 834.30, 218.43, 65.35, 141.18, 1, -1, -1, -1
171, 4, 392.07, 150.19, 149.33, 269.13, 1, -1, -1, -1
172, 1, 694.17, 297.99, 123.04, 245.31, 1, -1, -1, -1
172, 2, 607.28, 496.82, 154.12, 244.73, 1, -1, -1, -1
172, 3, 833.31, 226.76, 66.17, 142.17, 1, -1, -1, -1
172, 4, 396.98, 155.84, 147.52, 266.55, 1, -1, -1, -1
173, 1, 700.85, 305.23, 123.02, 245.34, 1, -1, -1, -1
173, 2, 600.02, 510.22, 154.04, 244.00, 1, -1, -1, -1
173, 3, 834.39, 234.88, 65.53, 139.92, 1, -1, -1, -1
173, 4, 400.98, 161.74, 146.31, 264.90, 1, -1, -1, -1
174, 1, 706.97, 312.29, 123.40, 246.73, 1, -1, -1, -1
174, 2, 593.69, 524.07, 152.57, 241.05, 1, -1, -1, -1
174, 3, 835.35, 243.60, 65.51, 139.09, 1, -1, -1, -1
174, 4, 405.61, 167.72, 146.01, 264.94, 1, -1, -1, -1
175, 1, 712.62, 319.95, 123.77, 247.95, 1, -1, -1, -1
175, 2, 587.18, 537.43, 152.29, 239.89, 1, -1, -1, -1
175, 3, 835.73, 251.87, 65.45, 138.14, 1, -1, -1, -1
175, 4, 410.55, 173.73, 145.92, 264.96, 1, -1, -1, -1
176, 1, 718.16, 326.52, 124.64, 250.42, 1, -1, -1, -1
176, 2, 578.91, 551.92, 150.52, 236.13, 1, -1, -1, -1
176, 3, 835.62, 259.31, 65.90, 138.48, 1, -1, -1, -1
176, 4, 414.58, 179.76, 144.62, 262.98, 1, -1, -1, -1
177, 1, 723.83, 332.68, 125.35, 252.69, 1, -1, -1, -1
177, 2, 569.61, 566.17, 150.26, 234.70, 1, -1, -1, -1
177, 3, 835.90, 267.09, 66.07, 137.96, 1, -1, -1, -1
177, 4, 421.05, 187.11, 141.94, 258.26, 1, -1, -1, -1
178, 1, 731.45, 338.68, 126.15, 254.87, 1, -1, -1, -1
178, 2, 560.84, 578.32, 150.05, 233.50, 1, -1, -1, -1
178, 3, 836.27, 275.02, 66.26, 137.79, 1, -1, -1, -1
178, 4, 429.50, 195.64, 138.61, 251.82, 1, -1, -1, -1
179, 1, 737.24, 343.98, 127.51, 258.33, 1, -1, -1, -1
179, 2, 551.86, 589.68, 151.38, 234.39, 1, -1, -1, -1
179, 3, 836.46, 282.99, 66.86, 138.42, 1, -1, -1, -1
179, 4, 437.62, 204.60, 136.55, 247.45, 1, -1, -1, -1
180, 1, 742.76, 349.02, 128.86, 261.60, 1, -1, -1, -1
180, 2, 543.68, 601.42, 152.84, 235.39, 1, -1, -1, -1
180, 3, 836.30, 289.66, 67.53, 139.33, 1, -1, -1, -1
180, 4, 441.69, 212.36, 136.00, 245.89, 1, -1, -1, -1
181, 1, 748.67, 353.96, 129.86, 264.13, 1, -1, -1, -1
181, 2, 533.80, 611.98, 154.39, 236.44, 1, -1, -1, -1
181, 3, 836.31, 297.82, 67.63, 139.03, 1, -1, -1, -1
181, 4, 446.59, 219.66, 135.36, 244.05, 1, -1, -1, -1
182, 1, 754.07, 358.22, 131.40, 267.68, 1, -1, -1, -1
182, 2, 524.39, 624.74, 155.06, 236.17, 1, -1, -1, -1
182, 3, 836.08, 305.23, 67.44, 138.26, 1, -1, -1, -1
182, 4, 450.01, 227.45, 134.96, 242.77, 1, -1, -1, -1
183, 1, 759.79, 361.58, 132.76, 270.96, 1, -1, -1, -1
183, 2, 515.17, 638.34, 155.39, 235.41, 1, -1, -1, -1
183, 3, 832.55, 311.68, 73.57, 150.58, 1, -1, -1, -1
183, 4, 453.40, 233.42, 136.24, 244.36, 1, -1, -1, -1
184, 1, 765.63, 365.25, 134.05, 274.12, 1, -1, -1, -1
184, 2, 504.14, 651.59, 156.05, 235.12, 1, -1, -1, -1
184, 3, 831.22, 317.20, 75.89, 155.08, 1, -1, -1, -1
184, 4, 455.21, 238.72, 136.65, 244.34, 1, -1, -1, -1
185, 1, 772.04, 369.06, 134.93, 276.59, 1, -1, -1, -1
185, 2, 492.63, 662.72, 159.09, 238.32, 1, -1, -1, -1
185, 3, 830.97, 324.64, 76.59, 156.51, 1, -1, -1, -1
185, 4, 456.40, 243.76, 137.47, 245.05, 1, -1, -1, -1
186, 1, 779.33, 374.88, 134.96, 277.47, 1, -1, -1, -1
186, 2, 483.46, 674.38, 159.98, 238.21, 1, -1, -1, -1
186, 4, 456.26, 248.06, 138.66, 246.69, 1, -1, -1, -1
187, 1, 785.38, 380.17, 133.91, 276.43, 1, -1, -1, -1
187, 2, 475.18, 686.23, 161.38, 238.81, 1, -1, -1, -1
187, 4, 457.23, 253.41, 138.12, 245.35, 1, -1, -1, -1
188, 1, 791.27, 385.26, 133.09, 275.97, 1, -1, -1, -1
188, 2, 467.02, 697.51, 163.39, 240.35, 1, -1, -1, -1
188, 4, 459.42, 259.16, 137.32, 243.55, 1, -1, -1, -1
188, 5, 821.25, 340.43, 95.45, 195.62, 1, -1, -1, -1
189, 1, 799.07, 391.58, 131.06, 273.11, 1, -1, -1, -1
189, 2, 455.91, 707.91, 165.69, 242.24, 1, -1, -1, -1
189, 4, 462.32, 265.06, 136.63, 242.23, 1, -1, -1, -1
189, 5, 821.05, 348.27, 98.15, 201.37, 1, -1, -1, -1
190, 1, 807.36, 399.71, 128.39, 268.67, 1, -1, -1, -1
190, 2, 444.97, 719.30, 168.16, 244.25, 1, -1, -1, -1
190, 4, 463.45, 270.36, 137.38, 243.77, 1, -1, -1, -1
190, 5, 819.95, 352.97, 101.29, 207.82, 1, -1, -1, -1
191, 1, 814.90, 404.54, 127.36, 267.63, 1, -1, -1, -1
191, 2, 432.47, 730.41, 171.96, 248.28, 1, -1, -1, -1
191, 4, 465.91, 276.10, 138.03, 245.03, 1, -1, -1, -1
192, 1, 822.77, 411.43, 125.68, 265.25, 1, -1, -1, -1
192, 2, 419.17, 743.39, 173.45, 249.12, 1, -1, -1, -1
192, 4, 468.16, 280.68, 138.07, 245.53, 1, -1, -1, -1
193, 1, 833.43, 421.09, 121.79, 257.71, 1, -1, -1, -1
193, 2, 403.26, 754.45, 177.97, 254.66, 1, -1, -1, -1
193, 4, 472.43, 286.15, 137.64, 245.07, 1, -1, -1, -1
194, 1, 843.64, 429.82, 118.70, 251.53, 1, -1, -1, -1
194, 2, 389.62, 766.76, 180.50, 257.37, 1, -1, -1, -1
194, 4, 477.26, 291.96, 138.13, 246.24, 1, -1, -1, -1
195, 1, 850.30, 435.47, 117.97, 249.97, 1, -1, -1, -1
195, 2, 376.85, 780.18, 182.26, 259.01, 1, -1, -1, -1
195, 4, 480.80, 297.24, 139.28, 248.66, 1, -1, -1, -1
196, 1, 856.13, 441.98, 118.45, 250.79, 1, -1, -1, -1
196, 2, 364.57, 792.74, 185.36, 262.84, 1, -1, -1, -1
196, 4, 485.05, 303.63, 140.24, 250.90, 1, -1, -1, -1
197, 1, 862.54, 449.49, 117.64, 248.49, 1, -1, -1, -1
197, 2, 353.78, 805.60, 183.79, 260.33, 1, -1, -1, -1
197, 4, 489.29, 310.45, 143.02, 256.34, 1, -1, -1, -1
198, 1, 866.34, 457.37, 117.96, 248.35, 1, -1, -1, -1
198, 2, 342.06, 817.92, 187.37, 265.21, 1, -1, -1, -1
198, 4, 495.55, 316.11, 144.33, 259.04, 1, -1, -1, -1
198, 6, 820.93, 422.70, 73.44, 150.52, 1, -1, -1, -1
199, 1, 870.06, 464.04, 118.32, 248.35, 1, -1, -1, -1
199, 2, 329.97, 829.39, 189.65, 268.30, 1, -1, -1, -1
199, 4, 502.37, 321.99, 144.90, 260.04, 1, -1, -1, -1
199, 6, 819.64, 430.08, 73.03, 149.61, 1, -1, -1, -1
200, 1, 872.73, 469.60, 119.39, 249.73, 1, -1, -1, -1
200, 2, 319.47, 841.83, 190.62, 269.42, 1, -1, -1, -1
200, 4, 507.05, 327.29, 145.92, 261.70, 1, -1, -1, -1
200, 6, 818.86, 438.09, 73.03, 149.45, 1, -1, -1, -1
201, 1, 877.22, 475.41, 119.67, 249.62, 1, -1, -1, -1
201, 2, 310.07, 854.65, 192.70, 271.75, 1, -1, -1, -1
201, 4, 511.69, 333.03, 146.84, 262.94, 1, -1, -1, -1
201, 6, 818.05, 446.22, 73.51, 150.20, 1, -1, -1, -1
202, 1, 882.97, 479.99, 119.15, 247.62, 1, -1, -1, -1
202, 2, 299.42, 866.95, 199.87, 281.07, 1, -1, -1, -1
202, 4, 514.96, 338.94, 147.78, 264.03, 1, -1, -1, -1
202, 6, 817.93, 455.05, 73.47, 149.82, 1, -1, -1, -1
203, 1, 889.44, 485.43, 119.20, 246.91, 1, -1, -1, -1
203, 2, 289.07, 879.71, 205.38, 287.79, 1, -1, -1, -1
203, 4, 516.62, 344.91, 148.30, 264.40, 1, -1, -1, -1
203, 6, 817.19, 463.41, 74.94, 152.49, 1, -1, -1, -1
204, 1, 895.67, 490.55, 120.46, 248.66, 1, -1, -1, -1
204, 2, 281.50, 892.00, 206.27, 287.71, 1, -1, -1, -1
204, 4, 519.69, 350.91, 147.91, 263.19, 1, -1, -1, -1
204, 6, 816.59, 472.26, 76.18, 154.83, 1, -1, -1, -1
205, 1, 900.50, 494.89, 122.81, 252.65, 1, -1, -1, -1
205, 2, 278.72, 910.63, 185.55, 256.86, 1, -1, -1, -1
205, 4, 520.80, 356.26, 150.17, 266.64, 1, -1, -1, -1
205, 6, 816.66, 481.27, 76.11, 154.36, 1, -1, -1, -1
206, 1, 905.96, 499.61, 125.21, 256.80, 1, -1, -1, -1
206, 2, 269.17, 923.54, 185.13, 256.27, 1, -1, -1, -1
206, 4, 521.96, 362.67, 149.95, 265.94, 1, -1, -1, -1
206, 6, 816.01, 489.67, 78.17, 158.20, 1, -1, -1, -1
207, 1, 911.16, 503.16, 127.98, 261.65, 1, -1, -1, -1
207, 4, 524.73, 368.18, 149.51, 264.97, 1, -1, -1, -1
207, 6, 816.03, 497.83, 79.10, 159.61, 1, -1, -1, -1
208, 1, 917.27, 506.28, 129.52, 264.14, 1, -1, -1, -1
208, 4, 528.02, 374.66, 148.55, 263.25, 1, -1, -1, -1
208, 6, 815.84, 505.23, 79.86, 160.78, 1, -1, -1, -1
209, 1, 921.94, 509.22, 131.55, 267.68, 1, -1, -1, -1
209, 4, 532.61, 380.85, 146.53, 259.93, 1, -1, -1, -1
209, 6, 817.05, 512.35, 78.27, 157.23, 1, -1, -1, -1
210, 1, 925.69, 512.13, 133.84, 271.61, 1, -1, -1, -1
210, 4, 537.90, 386.92, 143.69, 255.34, 1, -1, -1, -1
210, 6, 816.97, 519.36, 79.44, 159.18, 1, -1, -1, -1
211, 1, 929.95, 515.67, 135.16, 273.71, 1, -1, -1, -1
211, 4, 542.19, 392.95, 142.40, 253.62, 1, -1, -1, -1
211, 6, 816.51, 525.68, 80.73, 161.20, 1, -1, -1, -1
212, 1, 932.25, 517.51, 137.82, 278.38, 1, -1, -1, -1
212, 4, 546.72, 398.97, 139.78, 249.67, 1, -1, -1, -1
212, 6, 815.84, 531.09, 82.22, 163.93, 1, -1, -1, -1
213, 1, 934.03, 518.06, 139.92, 282.06, 1, -1, -1, -1
213, 4, 551.58, 404.97, 138.18, 247.56, 1, -1, -1, -1
213, 6, 816.50, 536.15, 81.61, 162.32, 1, -1, -1, -1
214, 1, 936.27, 518.76, 141.11, 284.06, 1, -1, -1, -1
214, 4, 555.23, 410.98, 136.98, 246.14, 1, -1, -1, -1
214, 6, 817.00, 541.08, 80.23, 159.01, 1, -1, -1, -1
215, 1, 938.21, 518.23, 142.93, 287.36, 1, -1, -1, -1
215, 4, 561.44, 416.32, 134.56, 242.33, 1, -1, -1, -1
215, 6, 816.30, 544.63, 80.81, 159.73, 1, -1, -1, -1
216, 1, 940.43, 515.95, 144.90, 291.16, 1, -1, -1, -1
216, 4, 568.26, 420.73, 132.38, 238.94, 1, -1, -1, -1
216, 6, 816.13, 549.04, 81.51, 160.65, 1, -1, -1, -1
217, 1, 943.86, 513.00, 144.72, 290.58, 1, -1, -1, -1
217, 4, 577.66, 424.81, 132.27, 239.09, 1, -1, -1, -1
217, 6, 816.53, 552.45, 81.51, 160.33, 1, -1, -1, -1
218, 1, 949.80, 511.11, 141.58, 284.36, 1, -1, -1, -1
218, 4, 586.79, 430.11, 131.95, 238.54, 1, -1, -1, -1
218, 6, 817.07, 555.47, 80.74, 158.22, 1, -1, -1, -1
219, 1, 956.39, 509.63, 138.61, 278.58, 1, -1, -1, -1
219, 4, 593.00, 434.54, 131.21, 237.05, 1, -1, -1, -1
219, 6, 817.05, 558.36, 81.56, 159.40, 1, -1, -1, -1
220, 1, 962.57, 507.67, 137.05, 275.70, 1, -1, -1, -1
220, 4, 598.98, 438.64, 131.20, 236.56, 1, -1, -1, -1
220, 6, 818.20, 561.24, 82.84, 161.16, 1, -1, -1, -1
221, 1, 968.20, 505.57, 134.79, 271.29, 1, -1, -1, -1
221, 4, 604.72, 443.29, 130.42, 234.43, 1, -1, -1, -1
221, 6, 819.99, 564.11, 83.24, 161.16, 1, -1, -1, -1
222, 1, 972.51, 502.74, 134.47, 270.96, 1, -1, -1, -1
222, 4, 608.61, 447.48, 130.25, 233.02, 1, -1, -1, -1
222, 6, 821.88, 566.98, 82.92, 159.83, 1, -1, -1, -1
223, 1, 976.51, 499.68, 135.22, 272.85, 1, -1, -1, -1
223, 4, 613.86, 451.51, 129.48, 230.55, 1, -1, -1, -1
223, 6, 824.46, 569.20, 83.67, 160.64, 1, -1, -1, -1
224, 1, 981.05, 497.20, 133.71, 270.26, 1, -1, -1, -1
224, 4, 619.89, 456.15, 129.32, 229.01, 1, -1, -1, -1
224, 6, 827.08, 572.51, 83.24, 158.96, 1, -1, -1, -1
225, 1, 985.80, 493.61, 131.34, 265.96, 1, -1, -1, -1
225, 4, 624.60, 460.35, 128.61, 226.50, 1, -1, -1, -1
225, 6, 829.79, 574.91, 82.23, 156.32, 1, -1, -1, -1
226, 1, 990.26, 489.61, 130.70, 265.04, 1, -1, -1, -1
226, 4, 628.94, 463.72, 128.10, 224.29, 1, -1, -1, -1
226, 6, 833.25, 576.97, 81.54, 154.00, 1, -1, -1, -1
227, 1, 993.66, 484.84, 130.67, 265.39, 1, -1, -1, -1
227, 4, 632.40, 466.79, 127.82, 222.87, 1, -1, -1, -1
227, 6, 836.67, 578.25, 80.26, 150.48, 1, -1, -1, -1
228, 1, 996.43, 481.11, 131.31, 266.88, 1, -1, -1, -1
228, 4, 636.33, 470.41, 127.38, 221.07, 1, -1, -1, -1
228, 6, 838.71, 579.23, 79.49, 147.86, 1, -1, -1, -1
229, 1, 1000.64, 476.46, 131.52, 267.46, 1, -1, -1, -1
229, 4, 639.86, 474.26, 126.72, 219.13, 1, -1, -1, -1
229, 6, 840.89, 580.80, 78.22, 144.24, 1, -1, -1, -1
230, 1, 1004.08, 472.13, 132.86, 270.35, 1, -1, -1, -1
230, 4, 644.06, 477.52, 126.33, 217.81, 1, -1, -1, -1
230, 6, 843.39, 582.59, 77.61, 141.60, 1, -1, -1, -1
231, 1, 1007.88, 468.60, 133.98, 272.76, 1, -1, -1, -1
231, 4, 647.21, 479.90, 126.00, 216.71, 1, -1, -1, -1
231, 6, 845.28, 585.82, 80.02, 144.73, 1, -1, -1, -1
232, 1, 1011.96, 465.38, 134.10, 273.01, 1, -1, -1, -1
232, 4, 651.29, 482.62, 126.40, 217.04, 1, -1, -1, -1
232, 6, 848.88, 588.90, 81.62, 146.57, 1, -1, -1, -1
233, 1, 1015.62, 461.61, 134.88, 274.42, 1, -1, -1, -1
233, 4, 657.11, 484.82, 126.27, 216.55, 1, -1, -1, -1
233, 6, 851.82, 590.62, 82.87, 147.96, 1, -1, -1, -1
234, 1, 1021.69, 458.31, 132.06, 268.35, 1, -1, -1, -1
234, 4, 661.01, 485.50, 127.10, 217.75, 1, -1, -1, -1
234, 6, 855.36, 591.82, 83.61, 148.51, 1, -1, -1, -1
235, 1, 1025.40, 453.18, 131.82, 267.35, 1, -1, -1, -1
235, 4, 664.32, 485.62, 128.68, 220.23, 1, -1, -1, -1
235, 6, 858.35, 592.82, 83.71, 148.07, 1, -1, -1, -1
236, 1, 1029.22, 447.40, 132.52, 268.32, 1, -1, -1, -1
236, 4, 669.27, 486.87, 130.12, 222.51, 1, -1, -1, -1
236, 6, 859.09, 593.76, 84.99, 149.91, 1, -1, -1, -1
237, 1, 1031.91, 442.70, 133.94, 270.68, 1, -1, -1, -1
237, 4, 674.48, 487.90, 131.58, 224.71, 1, -1, -1, -1
237, 6, 858.74, 594.03, 86.57, 152.57, 1, -1, -1, -1
238, 1, 1034.17, 437.09, 134.98, 272.23, 1, -1, -1, -1
238, 4, 677.62, 487.53, 133.41, 227.53, 1, -1, -1, -1
238, 6, 859.04, 595.37, 86.79, 152.93, 1, -1, -1, -1
239, 1, 1036.26, 432.47, 136.55, 274.79, 1, -1, -1, -1
239, 4, 683.07, 487.30, 133.77, 227.94, 1, -1, -1, -1
239, 6, 860.95, 596.46, 85.73, 151.08, 1, -1, -1, -1
240, 1, 1038.29, 428.22, 137.02, 275.09, 1, -1, -1, -1
240, 4, 688.89, 486.47, 133.97, 228.08, 1, -1, -1, -1
240, 6, 863.13, 597.45, 84.26, 148.39, 1, -1, -1, -1
241, 1, 1039.49, 422.80, 137.36, 275.19, 1, -1, -1, -1
241, 4, 695.24, 486.08, 134.62, 228.79, 1, -1, -1, -1
241, 6, 865.34, 599.08, 83.41, 146.71, 1, -1, -1, -1
242, 1, 1041.20, 418.26, 136.03, 271.91, 1, -1, -1, -1
242, 4, 702.18, 485.87, 134.66, 228.38, 1, -1, -1, -1
242, 6, 866.73, 599.62, 83.15, 146.09, 1, -1, -1, -1
243, 1, 1041.77, 414.06, 136.06, 271.32, 1, -1, -1, -1
243, 4, 705.39, 485.07, 136.42, 230.86, 1, -1, -1, -1
243, 6, 866.89, 599.75, 83.63, 146.54, 1, -1, -1, -1
244, 1, 1042.97, 409.32, 136.53, 271.75, 1, -1, -1, -1
244, 4, 709.08, 484.08, 137.67, 232.43, 1, -1, -1, -1
244, 6, 868.97, 599.75, 83.61, 146.07, 1, -1, -1, -1
245, 1, 1041.92, 405.71, 137.50, 273.24, 1, -1, -1, -1
245, 4, 710.78, 483.00, 139.82, 235.64, 1, -1, -1, -1
245, 6, 871.65, 601.01, 83.01, 144.57, 1, -1, -1, -1
246, 1, 1039.11, 401.20, 139.87, 277.76, 1, -1, -1, -1
246, 4, 711.84, 482.57, 140.75, 236.84, 1, -1, -1, -1
246, 6, 874.01, 601.44, 82.59, 143.36, 1, -1, -1, -1
247, 1, 1037.43, 397.67, 140.54, 278.80, 1, -1, -1, -1
247, 4, 711.91, 481.72, 142.73, 239.88, 1, -1, -1, -1
247, 6, 876.79, 602.21, 81.84, 141.60, 1, -1, -1, -1
248, 1, 1033.91, 393.86, 141.80, 281.14, 1, -1, -1, -1
248, 4, 713.92, 481.38, 143.79, 241.66, 1, -1, -1, -1
248, 6, 880.10, 602.45, 80.86, 139.63, 1, -1, -1, -1
249, 1, 1031.71, 389.93, 141.93, 281.35, 1, -1, -1, -1
249, 4, 714.61, 482.55, 145.36, 244.27, 1, -1, -1, -1
249, 6, 883.50, 602.49, 80.69, 138.93, 1, -1, -1, -1
250, 1, 1029.38, 386.62, 141.60, 280.73, 1, -1, -1, -1
250, 4, 715.66, 483.63, 145.42, 244.56, 1, -1, -1, -1
250, 6, 885.23, 602.47, 81.53, 140.03, 1, -1, -1, -1
251, 1, 1029.01, 382.88, 138.41, 274.54, 1, -1, -1, -1
251, 4, 715.91, 484.04, 146.12, 245.93, 1, -1, -1, -1
251, 6, 884.56, 602.43, 85.65, 147.09, 1, -1, -1, -1
252, 1, 1027.70, 378.98, 134.85, 267.50, 1, -1, -1, -1
252, 4, 718.39, 484.17, 146.62, 247.07, 1, -1, -1, -1
252, 6, 884.19, 601.75, 90.58, 155.58, 1, -1, -1, -1
253, 1, 1024.96, 374.35, 134.00, 265.54, 1, -1, -1, -1
253, 4, 719.88, 483.55, 147.46, 248.76, 1, -1, -1, -1
253, 6, 885.61, 602.76, 93.10, 160.12, 1, -1, -1, -1
254, 1, 1021.49, 368.78, 133.97, 265.52, 1, -1, -1, -1
254, 4, 720.88, 482.64, 148.00, 250.02, 1, -1, -1, -1
254, 6, 887.15, 603.77, 93.90, 161.87, 1, -1, -1, -1
255, 1, 1018.65, 363.53, 133.10, 263.55, 1, -1, -1, -1
255, 4, 721.06, 482.29, 148.40, 251.11, 1, -1, -1, -1
255, 6, 889.25, 604.15, 94.30, 163.14, 1, -1, -1, -1
256, 1, 1016.92, 358.41, 131.51, 260.19, 1, -1, -1, -1
256, 4, 720.34, 481.49, 149.91, 254.10, 1, -1, -1, -1
256, 6, 892.31, 604.27, 94.34, 163.57, 1, -1, -1, -1
257, 1, 1012.56, 353.33, 132.45, 261.64, 1, -1, -1, -1
257, 4, 719.03, 481.83, 151.74, 257.81, 1, -1, -1, -1
257, 6, 895.05, 604.29, 93.70, 163.03, 1, -1, -1, -1
258, 1, 1009.17, 348.28, 133.11, 262.88, 1, -1, -1, -1
258, 4, 717.49, 481.97, 153.06, 260.48, 1, -1, -1, -1
258, 6, 898.00, 604.93, 92.10, 160.80, 1, -1, -1, -1
259, 1, 1004.77, 343.91, 134.45, 265.37, 1, -1, -1, -1
259, 4, 716.30, 481.36, 153.96, 262.75, 1, -1, -1, -1
259, 6, 901.31, 606.48, 90.22, 157.93, 1, -1, -1, -1
260, 1, 1001.17, 339.79, 135.00, 266.33, 1, -1, -1, -1
260, 4, 714.50, 481.78, 153.62, 262.89, 1, -1, -1, -1
260, 6, 902.99, 607.70, 89.15, 156.14, 1, -1, -1, -1
261, 1, 997.37, 336.42, 135.64, 267.37, 1, -1, -1, -1
261, 4, 712.41, 481.94, 153.55, 263.54, 1, -1, -1, -1
261, 6, 903.99, 609.46, 88.48, 154.80, 1, -1, -1, -1
262, 1, 993.86, 332.02, 136.22, 268.42, 1, -1, -1, -1
262, 4, 710.49, 482.00, 153.06, 263.72, 1, -1, -1, -1
262, 6, 904.81, 612.09, 87.86, 153.62, 1, -1, -1, -1
263, 1, 990.10, 327.88, 137.52, 270.80, 1, -1, -1, -1
263, 4, 708.10, 482.68, 152.20, 263.07, 1, -1, -1, -1
263, 6, 905.14, 613.70, 88.08, 153.84, 1, -1, -1, -1
264, 1, 986.62, 323.84, 139.68, 274.99, 1, -1, -1, -1
264, 4, 706.26, 482.93, 151.07, 262.12, 1, -1, -1, -1
264, 6, 905.35, 615.59, 87.88, 153.27, 1, -1, -1, -1
265, 1, 983.93, 320.49, 140.13, 275.90, 1, -1, -1, -1
265, 4, 704.29, 483.68, 149.90, 261.05, 1, -1, -1, -1
265, 6, 905.16, 616.92, 88.21, 153.71, 1, -1, -1, -1
266, 1, 980.38, 316.76, 140.94, 277.54, 1, -1, -1, -1
266, 4, 701.77, 485.28, 148.40, 259.29, 1, -1, -1, -1
266, 6, 905.50, 618.70, 87.39, 151.90, 1, -1, -1, -1
267, 1, 978.06, 312.86, 140.75, 277.48, 1, -1, -1, -1
267, 4, 699.20, 485.88, 147.78, 259.26, 1, -1, -1, -1
267, 6, 904.77, 619.32, 88.70, 153.88, 1, -1, -1, -1
268, 1, 976.16, 308.25, 139.62, 275.44, 1, -1, -1, -1
268, 4, 697.64, 486.75, 146.81, 258.57, 1, -1, -1, -1
268, 6, 902.01, 619.52, 90.13, 155.94, 1, -1, -1, -1
269, 1, 974.26, 304.02, 137.13, 270.68, 1, -1, -1, -1
269, 4, 694.44, 488.39, 146.45, 258.95, 1, -1, -1, -1
269, 6, 900.38, 620.20, 90.47, 156.06, 1, -1, -1, -1
270, 1, 972.49, 298.62, 135.17, 266.87, 1, -1, -1, -1
270, 4, 691.71, 490.31, 145.50, 258.43, 1, -1, -1, -1
270, 6, 899.49, 619.76, 89.75, 154.12, 1, -1, -1, -1
271, 1, 970.09, 294.10, 132.80, 262.12, 1, -1, -1, -1
271, 4, 688.26, 491.67, 144.78, 258.22, 1, -1, -1, -1
271, 6, 898.70, 619.55, 89.03, 152.05, 1, -1, -1, -1
272, 1, 966.47, 289.92, 132.91, 262.38, 1, -1, -1, -1
272, 4, 685.58, 492.82, 144.10, 258.13, 1, -1, -1, -1
272, 6, 897.60, 619.44, 89.01, 151.27, 1, -1, -1, -1
273, 1, 960.99, 285.86, 134.77, 265.83, 1, -1, -1, -1
273, 4, 681.34, 493.22, 143.82, 258.75, 1, -1, -1, -1
273, 6, 895.81, 620.03, 90.44, 152.98, 1, -1, -1, -1
274, 1, 956.13, 282.51, 135.35, 266.48, 1, -1, -1, -1
274, 4, 676.40, 493.34, 143.28, 258.98, 1, -1, -1, -1
274, 6, 893.05, 620.89, 91.20, 153.63, 1, -1, -1, -1
275, 1, 951.54, 278.77, 136.67, 268.72, 1, -1, -1, -1
275, 4, 672.19, 494.02, 143.98, 261.70, 1, -1, -1, -1
275, 6, 889.93, 621.19, 91.68, 153.88, 1, -1, -1, -1
276, 1, 947.39, 274.88, 136.31, 267.60, 1, -1, -1, -1
276, 4, 667.62, 494.91, 143.81, 262.72, 1, -1, -1, -1
276, 6, 887.47, 621.94, 92.48, 154.63, 1, -1, -1, -1
277, 1, 943.54, 270.92, 135.71, 265.85, 1, -1, -1, -1
277, 4, 664.21, 495.87, 143.35, 263.09, 1, -1, -1, -1
277, 6, 883.84, 622.86, 92.96, 154.91, 1, -1, -1, -1
278, 1, 938.45, 266.94, 136.40, 266.52, 1, -1, -1, -1
278, 4, 663.13, 496.21, 140.98, 259.91, 1, -1, -1, -1
278, 6, 880.72, 623.18, 93.40, 155.01, 1, -1, -1, -1
279, 1, 932.59, 263.61, 138.20, 269.42, 1, -1, -1, -1
279, 4, 658.56, 495.65, 141.39, 262.00, 1, -1, -1, -1
279, 6, 874.64, 622.62, 96.87, 160.33, 1, -1, -1, -1
280, 1, 927.12, 260.53, 140.39, 273.15, 1, -1, -1, -1
280, 4, 652.66, 495.41, 141.55, 263.43, 1, -1, -1, -1
280, 6, 868.47, 623.04, 99.50, 164.26, 1, -1, -1, -1
281, 1, 921.97, 257.53, 141.08, 273.90, 1, -1, -1, -1
281, 4, 646.86, 495.31, 142.37, 265.94, 1, -1, -1, -1
281, 6, 863.43, 623.19, 101.40, 167.06, 1, -1, -1, -1
282, 1, 915.46, 253.91, 142.84, 276.80, 1, -1, -1, -1
282, 4, 643.33, 495.25, 142.30, 266.87, 1, -1, -1, -1
282, 6, 859.25, 623.88, 101.55, 166.79, 1, -1, -1, -1
283, 1, 909.13, 249.39, 143.64, 277.87, 1, -1, -1, -1
283, 4, 640.97, 495.87, 141.97, 267.20, 1, -1, -1, -1
283, 6, 855.53, 624.78, 102.08, 167.30, 1, -1, -1, -1
284, 1, 903.67, 245.84, 144.44, 278.91, 1, -1, -1, -1
284, 4, 638.11, 496.09, 140.76, 265.98, 1, -1, -1, -1
284, 6, 849.49, 624.45, 105.15, 172.04, 1, -1, -1, -1
285, 1, 897.46, 241.35, 145.45, 280.58, 1, -1, -1, -1
285, 4, 636.30, 496.16, 139.40, 264.17, 1, -1, -1, -1
285, 6, 845.52, 623.66, 105.27, 171.85, 1, -1, -1, -1
286, 1, 891.53, 237.81, 146.09, 281.84, 1, -1, -1, -1
286, 4, 634.53, 496.17, 138.67, 263.47, 1, -1, -1, -1
286, 6, 841.83, 623.34, 103.95, 169.10, 1, -1, -1, -1
287, 1, 886.18, 233.98, 145.62, 280.97, 1, -1, -1, -1
287, 4, 631.45, 496.82, 138.20, 263.20, 1, -1, -1, -1
287, 6, 838.19, 623.20, 100.88, 163.37, 1, -1, -1, -1
288, 1, 881.03, 230.04, 146.10, 281.92, 1, -1, -1, -1
288, 4, 629.47, 497.06, 137.25, 261.77, 1, -1, -1, -1
288, 6, 834.25, 623.14, 99.12, 159.83, 1, -1, -1, -1
289, 1, 875.70, 226.06, 146.16, 282.25, 1, -1, -1, -1
289, 4, 625.58, 497.13, 137.48, 262.55, 1, -1, -1, -1
289, 6, 829.50, 624.44, 99.94, 160.52, 1, -1, -1, -1
290, 1, 869.65, 222.72, 146.70, 283.66, 1, -1, -1, -1
290, 4, 622.67, 497.15, 137.38, 262.85, 1, -1, -1, -1
290, 6, 826.04, 625.58, 100.56, 160.79, 1, -1, -1, -1
291, 1, 866.02, 218.97, 145.33, 281.54, 1, -1, -1, -1
291, 4, 618.60, 497.14, 137.59, 263.62, 1, -1, -1, -1
291, 6, 821.55, 625.99, 101.48, 161.55, 1, -1, -1, -1
292, 1, 861.61, 216.37, 144.66, 280.69, 1, -1, -1, -1
292, 4, 616.21, 497.79, 136.98, 262.59, 1, -1, -1, -1
292, 6, 816.08, 626.14, 101.72, 161.18, 1, -1, -1, -1
293, 1, 857.14, 212.90, 143.78, 279.70, 1, -1, -1, -1
293, 4, 612.39, 498.03, 136.22, 261.54, 1, -1, -1, -1
293, 6, 812.60, 626.17, 101.60, 160.38, 1, -1, -1, -1
294, 1, 853.47, 210.40, 143.16, 279.31, 1, -1, -1, -1
294, 4, 609.58, 498.10, 135.63, 260.48, 1, -1, -1, -1
294, 6, 809.40, 625.51, 99.68, 156.77, 1, -1, -1, -1
295, 1, 850.28, 207.62, 140.96, 275.85, 1, -1, -1, -1
295, 4, 605.33, 497.46, 136.07, 261.41, 1, -1, -1, -1
295, 6, 805.89, 625.24, 99.87, 156.75, 1, -1, -1, -1
296, 1, 847.10, 204.72, 140.49, 275.86, 1, -1, -1, -1
296, 4, 602.56, 497.87, 135.54, 260.44, 1, -1, -1, -1
296, 6, 801.72, 625.80, 99.97, 156.76, 1, -1, -1, -1
297, 1, 843.57, 201.78, 139.39, 274.56, 1, -1, -1, -1
297, 4, 598.34, 498.02, 135.32, 260.08, 1, -1, -1, -1
297, 6, 797.43, 626.67, 100.43, 157.44, 1, -1, -1, -1
298, 1, 840.10, 198.15, 139.62, 276.06, 1, -1, -1, -1
298, 4, 595.86, 498.73, 134.64, 258.63, 1, -1, -1, -1
298, 6, 793.02, 626.99, 100.53, 157.71, 1, -1, -1, -1
299, 1, 836.32, 195.59, 139.71, 277.30, 1, -1, -1, -1
299, 4, 591.19, 500.32, 135.50, 260.08, 1, -1, -1, -1
299, 6, 788.49, 627.76, 99.98, 157.17, 1, -1, -1, -1
300, 1, 833.73, 192.76, 139.09, 277.11, 1, -1, -1, -1
300, 4, 588.23, 501.56, 134.51, 258.00, 1, -1, -1, -1
300, 6, 785.18, 628.70, 99.32, 156.31, 1, -1, -1, -1
301, 1, 831.08, 190.50, 138.57, 277.03, 1, -1, -1, -1
301, 4, 583.67, 501.35, 134.69, 257.88, 1, -1, -1, -1
301, 6, 781.18, 629.04, 98.92, 155.99, 1, -1, -1, -1
302, 1, 827.58, 187.79, 139.07, 278.99, 1, -1, -1, -1
302, 4, 578.86, 501.26, 134.59, 257.18, 1, -1, -1, -1
302, 6, 778.63, 629.15, 97.85, 154.56, 1, -1, -1, -1
303, 1, 826.11, 184.24, 138.53, 279.07, 1, -1, -1, -1
303, 4, 575.13, 501.21, 134.69, 256.93, 1, -1, -1, -1
303, 6, 776.46, 629.17, 98.20, 155.37, 1, -1, -1, -1
304, 1, 826.13, 181.70, 136.14, 275.13, 1, -1, -1, -1
304, 4, 572.51, 502.50, 135.45, 257.52, 1, -1, -1, -1
304, 6, 773.61, 629.83, 100.68, 159.65, 1, -1, -1, -1
305, 1, 825.09, 178.88, 134.34, 272.30, 1, -1, -1, -1
305, 4, 567.94, 504.29, 136.57, 259.07, 1, -1, -1, -1
305, 6, 770.55, 631.38, 101.23, 160.61, 1, -1, -1, -1
306, 1, 822.55, 176.61, 134.23, 272.58, 1, -1, -1, -1
306, 4, 562.87, 505.61, 137.36, 259.67, 1, -1, -1, -1
306, 6, 765.41, 632.61, 101.77, 161.62, 1, -1, -1, -1
307, 1, 820.18, 173.89, 133.31, 271.38, 1, -1, -1, -1
307, 4, 557.03, 507.41, 137.21, 258.57, 1, -1, -1, -1
307, 6, 759.60, 635.04, 102.71, 163.31, 1, -1, -1, -1
308, 1, 817.36, 170.99, 133.73, 272.94, 1, -1, -1, -1
308, 4, 553.85, 509.39, 136.08, 255.51, 1, -1, -1, -1
308, 6, 756.18, 636.59, 100.50, 160.00, 1, -1, -1, -1
309, 1, 815.46, 167.36, 133.16, 272.22, 1, -1, -1, -1
309, 4, 551.37, 510.76, 135.22, 253.03, 1, -1, -1, -1
309, 6, 752.50, 637.15, 98.76, 157.38, 1, -1, -1, -1
310, 1, 814.26, 164.78, 132.83, 271.96, 1, -1, -1, -1
310, 4, 546.88, 512.57, 136.34, 254.12, 1, -1, -1, -1
310, 6, 749.41, 638.66, 98.51, 157.06, 1, -1, -1, -1
311, 1, 811.99, 162.60, 133.26, 273.19, 1, -1, -1, -1
311, 4, 541.75, 515.20, 136.67, 253.88, 1, -1, -1, -1
311, 6, 746.00, 641.18, 97.24, 154.96, 1, -1, -1, -1
312, 1, 810.89, 160.57, 132.14, 271.03, 1, -1, -1, -1
312, 4, 538.14, 518.80, 137.13, 253.81, 1, -1, -1, -1
312, 6, 742.77, 644.08, 96.33, 153.52, 1, -1, -1, -1
313, 1, 809.42, 158.59, 132.05, 270.88, 1, -1, -1, -1
313, 4, 533.92, 521.42, 137.37, 253.14, 1, -1, -1, -1
313, 6, 739.18, 646.46, 94.38, 150.33, 1, -1, -1, -1
314, 1, 806.98, 157.29, 132.02, 270.84, 1, -1, -1, -1
314, 4, 531.02, 523.68, 137.07, 251.58, 1, -1, -1, -1
314, 6, 735.08, 649.30, 92.15, 146.48, 1, -1, -1, -1
315, 1, 804.18, 155.58, 132.66, 272.16, 1, -1, -1, -1
315, 4, 526.46, 525.13, 137.57, 251.67, 1, -1, -1, -1
315, 6, 730.90, 652.30, 92.27, 146.44, 1, -1, -1, -1
316, 1, 799.93, 153.71, 134.19, 275.31, 1, -1, -1, -1
316, 4, 522.54, 527.59, 138.50, 252.39, 1, -1, -1, -1
316, 6, 725.35, 655.35, 92.61, 146.46, 1, -1, -1, -1
317, 1, 796.67, 152.43, 134.95, 277.16, 1, -1, -1, -1
317, 4, 518.03, 530.44, 139.25, 252.68, 1, -1, -1, -1
317, 6, 719.99, 657.75, 91.66, 144.51, 1, -1, -1, -1
318, 1, 793.47, 151.37, 136.07, 279.82, 1, -1, -1, -1
318, 4, 511.79, 533.43, 140.97, 254.78, 1, -1, -1, -1
318, 6, 714.80, 661.24, 90.65, 142.49, 1, -1, -1, -1
319, 1, 789.65, 149.74, 137.31, 282.79, 1, -1, -1, -1
319, 4, 506.20, 536.47, 143.76, 258.88, 1, -1, -1, -1
319, 6, 707.34, 664.47, 91.01, 142.45, 1, -1, -1, -1
320, 1, 785.59, 147.23, 137.94, 284.55, 1, -1, -1, -1
320, 4, 500.30, 540.17, 144.79, 259.76, 1, -1, -1, -1
320, 6, 699.71, 668.25, 92.56, 144.47, 1, -1, -1, -1
321, 1, 782.10, 145.69, 137.67, 284.53, 1, -1, -1, -1
321, 4, 495.01, 543.47, 143.70, 256.80, 1, -1, -1, -1
321, 6, 691.30, 672.88, 94.02, 146.58, 1, -1, -1, -1
322, 1, 778.71, 143.87, 137.96, 285.80, 1, -1, -1, -1
322, 4, 492.79, 547.94, 140.74, 250.35, 1, -1, -1, -1
322, 6, 682.11, 676.52, 97.10, 151.35, 1, -1, -1, -1
323, 1, 775.00, 141.95, 138.52, 287.56, 1, -1, -1, -1
323, 4, 489.63, 552.86, 139.32, 246.58, 1, -1, -1, -1
323, 6, 673.42, 679.11, 99.90, 155.77, 1, -1, -1, -1
324, 1, 772.68, 140.63, 136.83, 284.91, 1, -1, -1, -1
324, 4, 486.62, 557.25, 138.11, 243.21, 1, -1, -1, -1
324, 6, 664.20, 681.31, 103.38, 161.35, 1, -1, -1, -1
325, 1, 769.78, 138.89, 135.85, 283.86, 1, -1, -1, -1
325, 4, 482.30, 562.10, 137.73, 241.33, 1, -1, -1, -1
325, 6, 657.35, 685.95, 103.93, 162.19, 1, -1, -1, -1
326, 1, 767.85, 136.99, 133.41, 279.48, 1, -1, -1, -1
326, 4, 476.95, 567.12, 138.06, 240.67, 1, -1, -1, -1
326, 6, 651.00, 690.91, 102.87, 160.50, 1, -1, -1, -1
327, 1, 766.02, 135.02, 132.30, 277.80, 1, -1, -1, -1
327, 4, 471.25, 572.19, 137.94, 239.15, 1, -1, -1, -1
327, 6, 644.03, 696.64, 102.17, 159.15, 1, -1, -1, -1
328, 1, 763.52, 134.36, 131.09, 275.86, 1, -1, -1, -1
328, 4, 466.20, 577.95, 138.09, 237.96, 1, -1, -1, -1
328, 6, 637.62, 701.32, 100.70, 156.63, 1, -1, -1, -1
329, 1, 761.16, 133.52, 130.39, 275.14, 1, -1, -1, -1
329, 4, 461.80, 584.61, 137.53, 235.57, 1, -1, -1, -1
329, 6, 632.34, 707.59, 97.73, 151.68, 1, -1, -1, -1
330, 1, 759.24, 133.27, 127.78, 270.24, 1, -1, -1, -1
330, 4, 459.04, 590.95, 135.92, 231.39, 1, -1, -1, -1
330, 6, 627.80, 714.48, 95.60, 147.80, 1, -1, -1, -1
331, 1, 757.28, 132.59, 126.21, 267.08, 1, -1, -1, -1
331, 4, 454.57, 597.14, 135.22, 228.56, 1, -1, -1, -1
331, 6, 622.90, 722.90, 93.07, 143.02, 1, -1, -1, -1
332, 1, 755.49, 131.72, 125.97, 266.62, 1, -1, -1, -1
332, 4, 448.97, 603.95, 135.17, 226.91, 1, -1, -1, -1
332, 6, 615.61, 729.88, 91.50, 139.93, 1, -1, -1, -1
333, 1, 753.99, 130.79, 126.43, 267.82, 1, -1, -1, -1
333, 4, 445.05, 611.63, 135.19, 225.03, 1, -1, -1, -1
333, 6, 608.14, 737.64, 89.58, 136.16, 1, -1, -1, -1
334, 1, 751.83, 131.15, 126.03, 266.98, 1, -1, -1, -1
334, 4, 440.95, 618.96, 133.51, 220.39, 1, -1, -1, -1
334, 6, 601.45, 745.01, 87.87, 132.80, 1, -1, -1, -1
335, 1, 749.81, 131.34, 126.53, 268.03, 1, -1, -1, -1
335, 4, 436.92, 626.17, 131.57, 215.39, 1, -1, -1, -1
335, 6, 593.91, 751.53, 87.17, 130.97, 1, -1, -1, -1
336, 1, 748.34, 131.45, 126.99, 269.11, 1, -1, -1, -1
336, 4, 433.82, 633.30, 130.42, 211.62, 1, -1, -1, -1
336, 6, 586.55, 757.74, 85.89, 128.35, 1, -1, -1, -1
337, 1, 747.23, 131.53, 127.16, 269.55, 1, -1, -1, -1
337, 4, 429.52, 639.06, 129.96, 208.99, 1, -1, -1, -1
337, 6, 577.24, 764.51, 85.03, 126.12, 1, -1, -1, -1
338, 1, 746.28, 132.25, 128.46, 272.37, 1, -1, -1, -1
338, 4, 427.10, 644.97, 130.50, 207.46, 1, -1, -1, -1
338, 6, 570.66, 772.15, 84.24, 124.04, 1, -1, -1, -1
339, 1, 744.93, 132.55, 127.79, 270.81, 1, -1, -1, -1
339, 4, 422.68, 651.62, 131.38, 206.32, 1, -1, -1, -1
339, 6, 563.64, 779.43, 84.33, 123.36, 1, -1, -1, -1
340, 1, 744.33, 133.34, 126.57, 268.23, 1, -1, -1, -1
340, 4, 418.66, 657.86, 132.81, 206.00, 1, -1, -1, -1
340, 6, 557.04, 784.55, 85.59, 124.53, 1, -1, -1, -1
341, 1, 743.66, 133.00, 126.48, 267.93, 1, -1, -1, -1
341, 4, 413.79, 663.28, 133.73, 204.63, 1, -1, -1, -1
341, 6, 550.63, 791.55, 85.85, 124.35, 1, -1, -1, -1
342, 1, 743.33, 132.22, 126.74, 268.50, 1, -1, -1, -1
342, 4, 407.54, 668.40, 135.26, 204.21, 1, -1, -1, -1
342, 6, 543.44, 797.92, 86.79, 125.02, 1, -1, -1, -1
343, 1, 743.01, 132.60, 126.05, 266.74, 1, -1, -1, -1
343, 4, 400.49, 674.74, 136.94, 204.13, 1, -1, -1, -1
343, 6, 536.41, 804.72, 88.40, 126.64, 1, -1, -1, -1
344, 1, 742.11, 132.10, 126.13, 266.75, 1, -1, -1, -1
344, 4, 394.13, 680.21, 140.05, 206.16, 1, -1, -1, -1
344, 6, 531.51, 811.67, 89.38, 127.28, 1, -1, -1, -1
345, 1, 741.67, 131.26, 126.48, 267.44, 1, -1, -1, -1
345, 4, 388.11, 687.34, 141.52, 205.65, 1, -1, -1, -1
345, 6, 528.46, 818.01, 90.06, 127.55, 1, -1, -1, -1
346, 1, 741.04, 130.96, 126.99, 268.37, 1, -1, -1, -1
346, 4, 381.28, 695.10, 142.28, 204.18, 1, -1, -1, -1
346, 6, 523.74, 824.79, 90.68, 127.67, 1, -1, -1, -1
347, 1, 740.46, 130.20, 127.96, 270.05, 1, -1, -1, -1
347, 4, 374.91, 702.43, 143.24, 203.01, 1, -1, -1, -1
347, 6, 518.48, 832.39, 90.41, 126.42, 1, -1, -1, -1
348, 1, 740.11, 129.27, 128.68, 271.35, 1, -1, -1, -1
348, 4, 370.81, 709.58, 144.75, 202.61, 1, -1, -1, -1
348, 6, 512.71, 840.97, 89.75, 124.63, 1, -1, -1, -1
349, 1, 739.84, 129.59, 128.64, 271.18, 1, -1, -1, -1
349, 4, 369.00, 717.99, 145.58, 201.18, 1, -1, -1, -1
349, 6, 506.99, 847.74, 89.27, 123.96, 1, -1, -1, -1
350, 1, 739.38, 130.39, 128.74, 271.11, 1, -1, -1, -1
350, 4, 364.38, 725.54, 147.50, 201.35, 1, -1, -1, -1
351, 1, 738.45, 131.36, 130.38, 274.38, 1, -1, -1, -1
351, 4, 359.73, 732.76, 150.41, 202.78, 1, -1, -1, -1
352, 1, 736.41, 133.05, 131.14, 275.60, 1, -1, -1, -1
352, 4, 355.41, 741.17, 151.68, 202.03, 1, -1, -1, -1
353, 1, 734.83, 134.36, 131.78, 276.71, 1, -1, -1, -1
353, 4, 351.29, 750.70, 152.82, 201.11, 1, -1, -1, -1
354, 1, 732.81, 136.17, 133.60, 280.40, 1, -1, -1, -1
354, 4, 346.88, 759.98, 153.99, 200.13, 1, -1, -1, -1
355, 1, 730.90, 138.15, 134.67, 282.43, 1, -1, -1, -1
355, 4, 343.38, 769.81, 155.12, 199.12, 1, -1, -1, -1
356, 1, 729.28, 140.21, 136.29, 285.79, 1, -1, -1, -1
356, 4, 338.08, 780.51, 157.20, 199.44, 1, -1, -1, -1
357, 1, 727.25, 142.28, 136.53, 286.37, 1, -1, -1, -1
357, 4, 332.05, 790.85, 159.07, 199.59, 1, -1, -1, -1
358, 1, 725.44, 143.70, 136.12, 285.89, 1, -1, -1, -1
358, 4, 326.68, 801.05, 161.64, 200.33, 1, -1, -1, -1
359, 1, 724.83, 145.52, 134.58, 283.03, 1, -1, -1, -1
359, 4, 320.42, 810.52, 164.78, 201.95, 1, -1, -1, -1
360, 1, 725.83, 146.84, 131.62, 277.27, 1, -1, -1, -1
360, 4, 313.24, 819.72, 166.68, 201.92, 1, -1, -1, -1
361, 1, 726.45, 147.29, 129.47, 273.08, 1, -1, -1, -1
361, 4, 308.47, 830.13, 168.52, 201.91, 1, -1, -1, -1
362, 1, 726.10, 148.76, 129.22, 272.85, 1, -1, -1, -1
362, 4, 304.98, 842.31, 170.95, 202.58, 1, -1, -1, -1
363, 1, 725.76, 149.93, 128.97, 272.79, 1, -1, -1, -1
363, 4, 300.92, 855.81, 172.39, 202.17, 1, -1, -1, -1
364, 1, 725.72, 150.99, 128.77, 272.78, 1, -1, -1, -1
364, 4, 291.61, 866.50, 174.92, 203.34, 1, -1, -1, -1
365, 1, 726.33, 152.68, 127.52, 270.14, 1, -1, -1, -1
365, 4, 283.44, 876.77, 174.29, 201.15, 1, -1, -1, -1
366, 1, 727.75, 155.26, 126.07, 267.17, 1, -1, -1, -1
366, 4, 279.43, 889.53, 172.94, 198.33, 1, -1, -1, -1
367, 1, 728.61, 158.18, 125.60, 266.09, 1, -1, -1, -1
367, 4, 278.67, 902.57, 168.67, 191.96, 1, -1, -1, -1
368, 1, 729.72, 161.21, 125.19, 265.05, 1, -1, -1, -1
368, 4, 274.52, 913.08, 167.66, 190.80, 1, -1, -1, -1
369, 1, 731.62, 163.62, 126.10, 266.70, 1, -1, -1, -1
370, 1, 733.32, 167.77, 125.80, 266.02, 1, -1, -1, -1
371, 1, 734.25, 171.91, 126.44, 267.11, 1, -1, -1, -1
372, 1, 735.33, 176.04, 125.85, 265.56, 1, -1, -1, -1
373, 1, 737.24, 180.16, 125.26, 264.33, 1, -1, -1, -1
374, 1, 739.78, 184.26, 124.67, 263.23, 1, -1, -1, -1
375, 1, 741.54, 187.69, 124.80, 263.51, 1, -1, -1, -1
376, 1, 743.47, 191.52, 124.22, 262.31, 1, -1, -1, -1
377, 1, 744.56, 194.83, 124.55, 263.21, 1, -1, -1, -1
378, 1, 746.03, 197.95, 124.46, 262.91, 1, -1, -1, -1
379, 1, 748.65, 200.33, 124.19, 262.15, 1, -1, -1, -1
380, 1, 750.78, 203.10, 125.05, 263.87, 1, -1, -1, -1
381, 1, 752.97, 206.01, 125.13, 263.87, 1, -1, -1, -1
382, 1, 754.96, 209.64, 126.03, 265.20, 1, -1, -1, -1
383, 1, 755.86, 212.88, 127.95, 269.01, 1, -1, -1, -1
384, 1, 757.55, 216.63, 127.84, 268.48, 1, -1, -1, -1
385, 1, 758.90, 221.23, 128.23, 268.91, 1, -1, -1, -1
386, 1, 760.01, 224.83, 130.37, 273.03, 1, -1, -1, -1
387, 1, 761.64, 228.70, 131.26, 274.56, 1, -1, -1, -1
388, 1, 762.98, 232.03, 132.67, 277.09, 1, -1, -1, -1
389, 1, 764.41, 235.79, 133.20, 278.02, 1, -1, -1, -1
390, 1, 764.76, 239.07, 134.33, 280.31, 1, -1, -1, -1
391, 1, 765.37, 242.16, 136.29, 284.43, 1, -1, -1, -1
392, 1, 765.83, 245.83, 138.45, 289.22, 1, -1, -1, -1
393, 1, 767.15, 249.08, 138.82, 290.35, 1, -1, -1, -1
394, 1, 769.32, 252.16, 137.47, 288.09, 1, -1, -1, -1
395, 1, 771.61, 254.51, 135.89, 285.18, 1, -1, -1, -1
396, 1, 774.56, 257.26, 132.99, 279.41, 1, -1, -1, -1
397, 1, 777.46, 260.15, 130.16, 273.87, 1, -1, -1, -1
398, 1, 779.50, 263.10, 129.73, 273.13, 1, -1, -1, -1
399, 1, 782.08, 265.41, 129.81, 273.54, 1, -1, -1, -1
400, 1, 784.44, 268.15, 128.26, 270.39, 1, -1, -1, -1
400, 9, 778.14, 20.15, 122.04, 229.24, 1, -1, -1, -1
401, 1, 788.16, 272.38, 125.19, 263.90, 1, -1, -1, -1
401, 9, 773.55, 29.51, 121.43, 228.26, 1, -1, -1, -1
402, 1, 791.24, 275.85, 124.54, 262.17, 1, -1, -1, -1
402, 9, 768.78, 38.88, 120.01, 225.74, 1, -1, -1, -1
403, 1, 793.61, 279.68, 125.04, 262.92, 1, -1, -1, -1
403, 9, 763.49, 48.88, 117.91, 222.04, 1, -1, -1, -1
404, 1, 795.83, 284.31, 125.06, 262.58, 1, -1, -1, -1
404, 9, 758.07, 58.31, 116.32, 219.41, 1, -1, -1, -1
405, 1, 797.23, 287.24, 127.10, 266.49, 1, -1, -1, -1
405, 9, 754.02, 68.22, 115.61, 218.57, 1, -1, -1, -1
406, 1, 798.18, 290.87, 128.87, 269.96, 1, -1, -1, -1
406, 9, 749.56, 78.26, 115.63, 219.03, 1, -1, -1, -1
407, 1, 800.38, 295.40, 128.98, 269.97, 1, -1, -1, -1
407, 9, 744.11, 89.02, 115.53, 219.27, 1, -1, -1, -1
408, 1, 802.46, 298.31, 130.35, 272.62, 1, -1, -1, -1
408, 9, 739.97, 99.36, 115.45, 219.41, 1, -1, -1, -1
409, 1, 805.63, 301.26, 130.55, 272.95, 1, -1, -1, -1
409, 9, 738.00, 110.19, 115.36, 219.51, 1, -1, -1, -1
410, 1, 811.08, 304.88, 129.21, 269.78, 1, -1, -1, -1
410, 9, 735.12, 121.88, 114.65, 218.24, 1, -1, -1, -1
411, 1, 816.45, 307.44, 127.87, 266.57, 1, -1, -1, -1
411, 9, 730.36, 132.53, 114.77, 218.47, 1, -1, -1, -1
412, 1, 820.46, 309.59, 127.84, 266.04, 1, -1, -1, -1
412, 9, 726.60, 142.78, 114.43, 217.92, 1, -1, -1, -1
413, 1, 826.02, 312.93, 126.78, 263.21, 1, -1, -1, -1
413, 9, 721.52, 152.22, 114.69, 218.41, 1, -1, -1, -1
414, 1, 831.66, 315.38, 126.36, 261.50, 1, -1, -1, -1
414, 9, 716.46, 162.01, 114.11, 217.29, 1, -1, -1, -1
415, 1, 835.83, 317.51, 127.82, 263.55, 1, -1, -1, -1
415, 9, 710.74, 171.28, 113.90, 216.89, 1, -1, -1, -1
416, 1, 839.93, 319.51, 129.00, 265.00, 1, -1, -1, -1
416, 9, 705.99, 181.67, 112.75, 214.77, 1, -1, -1, -1
417, 1, 843.34, 322.14, 130.72, 267.54, 1, -1, -1, -1
417, 9, 701.05, 191.83, 113.01, 215.33, 1, -1, -1, -1
418, 1, 845.05, 324.34, 134.20, 273.78, 1, -1, -1, -1
418, 9, 695.68, 201.23, 113.89, 216.90, 1, -1, -1, -1
419, 1, 847.71, 326.39, 136.49, 277.44, 1, -1, -1, -1
419, 9, 690.76, 211.01, 115.72, 220.15, 1, -1, -1, -1
420, 1, 851.21, 329.04, 136.70, 276.85, 1, -1, -1, -1
420, 9, 684.64, 219.62, 120.02, 227.96, 1, -1, -1, -1
421, 1, 853.60, 331.91, 137.67, 277.90, 1, -1, -1, -1
421, 9, 678.87, 229.10, 124.26, 235.46, 1, -1, -1, -1
422, 1, 856.75, 333.56, 138.54, 278.92, 1, -1, -1, -1
422, 9, 672.59, 238.92, 127.19, 240.26, 1, -1, -1, -1
423, 1, 859.84, 335.40, 138.77, 278.62, 1, -1, -1, -1
423, 9, 668.17, 248.85, 129.38, 243.36, 1, -1, -1, -1
424, 1, 860.79, 336.00, 141.00, 282.43, 1, -1, -1, -1
424, 9, 664.05, 258.84, 130.19, 243.84, 1, -1, -1, -1
425, 1, 863.15, 336.80, 140.88, 281.87, 1, -1, -1, -1
425, 9, 660.75, 268.85, 130.34, 242.64, 1, -1, -1, -1
426, 1, 864.39, 336.35, 142.50, 284.90, 1, -1, -1, -1
426, 9, 656.97, 278.21, 131.16, 242.76, 1, -1, -1, -1
427, 1, 866.57, 335.46, 142.12, 284.05, 1, -1, -1, -1
427, 9, 653.84, 287.32, 131.24, 241.44, 1, -1, -1, -1
428, 1, 868.96, 333.06, 142.53, 284.99, 1, -1, -1, -1
428, 9, 650.44, 296.33, 130.74, 238.90, 1, -1, -1, -1
429, 1, 872.13, 330.79, 142.55, 285.32, 1, -1, -1, -1
429, 9, 648.77, 303.99, 129.65, 235.26, 1, -1, -1, -1
430, 1, 876.28, 328.57, 141.05, 282.77, 1, -1, -1, -1
430, 9, 646.21, 311.79, 130.10, 234.52, 1, -1, -1, -1
431, 1, 880.44, 327.03, 139.68, 280.45, 1, -1, -1, -1
431, 9, 643.11, 319.67, 128.87, 230.92, 1, -1, -1, -1
432, 1, 884.74, 324.45, 138.11, 277.57, 1, -1, -1, -1
432, 9, 639.14, 326.91, 127.65, 227.56, 1, -1, -1, -1
433, 1, 888.78, 322.14, 137.06, 275.81, 1, -1, -1, -1
433, 9, 633.47, 333.25, 127.87, 226.98, 1, -1, -1, -1
434, 1, 892.73, 318.62, 135.54, 273.17, 1, -1, -1, -1
434, 9, 629.65, 339.94, 127.00, 224.80, 1, -1, -1, -1
435, 1, 896.79, 314.66, 132.88, 268.20, 1, -1, -1, -1
435, 9, 627.49, 346.76, 126.46, 223.34, 1, -1, -1, -1
436, 1, 899.93, 311.87, 131.04, 265.03, 1, -1, -1, -1
436, 9, 626.86, 353.64, 124.21, 218.83, 1, -1, -1, -1
437, 1, 903.32, 308.20, 129.68, 262.57, 1, -1, -1, -1
437, 9, 624.07, 360.55, 122.80, 215.84, 1, -1, -1, -1
438, 1, 906.49, 305.55, 129.12, 261.70, 1, -1, -1, -1
438, 9, 621.75, 366.80, 122.45, 214.78, 1, -1, -1, -1
439, 1, 909.16, 301.96, 130.37, 264.77, 1, -1, -1, -1
439, 9, 618.01, 372.83, 123.01, 215.12, 1, -1, -1, -1
440, 1, 912.75, 299.36, 130.06, 264.63, 1, -1, -1, -1
440, 9, 614.76, 378.11, 123.86, 215.96, 1, -1, -1, -1
441, 1, 916.41, 296.47, 130.40, 265.93, 1, -1, -1, -1
441, 9, 610.81, 383.79, 124.59, 216.32, 1, -1, -1, -1
442, 1, 919.50, 293.47, 131.49, 268.44, 1, -1, -1, -1
442, 9, 607.44, 388.30, 125.59, 217.15, 1, -1, -1, -1
443, 1, 923.60, 289.78, 131.75, 269.40, 1, -1, -1, -1
443, 9, 602.80, 393.70, 125.69, 216.17, 1, -1, -1, -1
444, 1, 927.72, 285.83, 131.09, 268.45, 1, -1, -1, -1
444, 9, 600.00, 399.44, 125.45, 214.50, 1, -1, -1, -1
445, 1, 931.18, 281.12, 131.38, 269.42, 1, -1, -1, -1
445, 9, 595.83, 405.32, 123.90, 210.58, 1, -1, -1, -1
446, 1, 935.19, 276.14, 131.13, 269.12, 1, -1, -1, -1
446, 9, 590.37, 410.59, 123.39, 208.48, 1, -1, -1, -1
447, 1, 940.55, 271.73, 129.68, 266.37, 1, -1, -1, -1
447, 9, 583.89, 416.30, 123.70, 207.74, 1, -1, -1, -1
448, 1, 944.33, 266.20, 130.65, 268.66, 1, -1, -1, -1
448, 9, 579.42, 420.85, 124.25, 207.51, 1, -1, -1, -1
449, 1, 948.43, 260.95, 130.67, 268.86, 1, -1, -1, -1
449, 9, 572.63, 426.30, 127.69, 212.13, 1, -1, -1, -1
450, 1, 950.67, 256.45, 131.65, 270.92, 1, -1, -1, -1
450, 9, 567.23, 431.44, 131.68, 217.82, 1, -1, -1, -1
451, 1, 953.64, 252.25, 131.46, 270.38, 1, -1, -1, -1
451, 9, 559.98, 436.46, 136.67, 225.22, 1, -1, -1, -1
452, 1, 955.43, 247.50, 133.09, 273.47, 1, -1, -1, -1
452, 9, 552.06, 442.09, 142.02, 233.23, 1, -1, -1, -1
453, 1, 958.86, 243.87, 133.21, 273.31, 1, -1, -1, -1
453, 9, 546.05, 448.60, 146.38, 239.52, 1, -1, -1, -1
454, 1, 962.60, 240.01, 132.07, 270.59, 1, -1, -1, -1
454, 9, 540.95, 456.10, 148.08, 241.25, 1, -1, -1, -1
455, 1, 965.31, 236.05, 132.75, 271.54, 1, -1, -1, -1
455, 9, 536.08, 463.99, 148.34, 240.54, 1, -1, -1, -1
456, 1, 967.61, 232.06, 132.83, 271.23, 1, -1, -1, -1
456, 9, 532.49, 472.02, 147.63, 238.22, 1, -1, -1, -1
457, 1, 968.72, 228.72, 134.11, 273.09, 1, -1, -1, -1
457, 9, 530.78, 479.45, 145.75, 233.97, 1, -1, -1, -1
458, 1, 968.42, 224.97, 136.45, 277.08, 1, -1, -1, -1
458, 9, 528.67, 487.30, 144.34, 230.32, 1, -1, -1, -1
459, 1, 967.05, 221.05, 139.65, 283.17, 1, -1, -1, -1
459, 9, 526.92, 494.64, 142.72, 226.26, 1, -1, -1, -1
460, 1, 966.38, 217.08, 140.96, 285.46, 1, -1, -1, -1
460, 9, 523.86, 503.11, 140.60, 221.39, 1, -1, -1, -1
461, 1, 965.86, 213.08, 142.47, 288.25, 1, -1, -1, -1
461, 9, 517.84, 510.67, 139.84, 218.91, 1, -1, -1, -1
462, 1, 966.06, 209.73, 142.06, 287.30, 1, -1, -1, -1
462, 9, 513.56, 518.55, 136.62, 212.68, 1, -1, -1, -1
463, 1, 967.09, 205.98, 140.51, 284.25, 1, -1, -1, -1
463, 9, 507.60, 525.88, 134.43, 208.37, 1, -1, -1, -1
464, 1, 970.20, 202.06, 137.63, 278.42, 1, -1, -1, -1
464, 9, 500.81, 533.00, 134.44, 207.53, 1, -1, -1, -1
465, 1, 973.57, 198.75, 133.99, 270.86, 1, -1, -1, -1
465, 9, 496.68, 540.71, 133.38, 205.27, 1, -1, -1, -1
466, 1, 974.74, 195.00, 133.34, 269.37, 1, -1, -1, -1
466, 9, 493.98, 549.31, 133.71, 205.18, 1, -1, -1, -1
467, 1, 975.75, 191.08, 132.51, 267.52, 1, -1, -1, -1
467, 9, 489.14, 556.89, 135.86, 207.87, 1, -1, -1, -1
468, 1, 976.18, 187.77, 132.63, 267.52, 1, -1, -1, -1
468, 9, 484.38, 563.43, 139.60, 212.90, 1, -1, -1, -1
469, 1, 975.58, 184.68, 134.07, 270.22, 1, -1, -1, -1
469, 9, 478.67, 571.56, 142.56, 216.79, 1, -1, -1, -1
470, 1, 975.28, 182.99, 135.34, 272.57, 1, -1, -1, -1
470, 9, 472.23, 580.29, 145.31, 220.25, 1, -1, -1, -1
471, 1, 974.81, 181.17, 136.44, 274.79, 1, -1, -1, -1
471, 9, 467.66, 589.90, 147.63, 222.87, 1, -1, -1, -1
472, 1, 974.97, 179.95, 137.42, 276.96, 1, -1, -1, -1
472, 9, 457.23, 599.84, 147.89, 222.55, 1, -1, -1, -1
473, 1, 976.62, 178.29, 137.17, 276.45, 1, -1, -1, -1
473, 9, 447.56, 609.91, 146.53, 219.76, 1, -1, -1, -1
474, 1, 978.11, 176.46, 137.26, 276.91, 1, -1, -1, -1
474, 9, 441.89, 620.02, 144.46, 216.03, 1, -1, -1, -1
475, 1, 979.19, 175.22, 137.50, 277.73, 1, -1, -1, -1
475, 9, 440.07, 630.13, 141.52, 210.64, 1, -1, -1, -1
476, 1, 980.27, 173.53, 138.14, 279.35, 1, -1, -1, -1
476, 9, 434.97, 640.24, 139.04, 205.95, 1, -1, -1, -1
477, 1, 980.68, 171.67, 138.95, 281.26, 1, -1, -1, -1
477, 9, 430.63, 649.00, 137.42, 202.24, 1, -1, -1, -1
478, 1, 982.67, 169.74, 138.15, 279.99, 1, -1, -1, -1
478, 9, 425.74, 659.93, 136.45, 199.57, 1, -1, -1, -1
479, 1, 984.75, 167.78, 137.74, 279.49, 1, -1, -1, -1
479, 9, 418.93, 670.33, 137.16, 199.32, 1, -1, -1, -1
480, 1, 986.20, 166.47, 137.49, 279.28, 1, -1, -1, -1
480, 9, 408.15, 681.84, 139.00, 200.62, 1, -1, -1, -1
481, 1, 988.05, 165.41, 135.36, 275.23, 1, -1, -1, -1
481, 9, 395.73, 692.43, 146.29, 209.79, 1, -1, -1, -1
482, 1, 989.54, 164.43, 134.20, 273.02, 1, -1, -1, -1
482, 9, 385.87, 702.66, 154.55, 220.39, 1, -1, -1, -1
483, 1, 991.62, 162.82, 131.95, 268.88, 1, -1, -1, -1
483, 9, 376.71, 713.41, 161.76, 229.62, 1, -1, -1, -1
484, 1, 992.83, 161.63, 130.82, 266.68, 1, -1, -1, -1
484, 9, 367.22, 725.64, 167.16, 236.39, 1, -1, -1, -1
485, 1, 994.44, 160.59, 130.67, 266.56, 1, -1, -1, -1
485, 9, 358.99, 739.10, 169.74, 238.96, 1, -1, -1, -1
486, 1, 995.68, 159.61, 131.23, 267.88, 1, -1, -1, -1
486, 9, 352.16, 753.69, 170.69, 239.22, 1, -1, -1, -1
487, 1, 996.26, 159.97, 131.14, 267.74, 1, -1, -1, -1
487, 9, 347.27, 768.06, 171.48, 239.23, 1, -1, -1, -1
488, 1, 996.44, 159.51, 131.75, 269.04, 1, -1, -1, -1
488, 9, 342.98, 781.67, 170.54, 236.53, 1, -1, -1, -1
489, 1, 995.30, 160.04, 133.65, 272.85, 1, -1, -1, -1
489, 9, 338.32, 796.29, 168.82, 232.79, 1, -1, -1, -1
490, 1, 994.83, 160.95, 134.38, 274.30, 1, -1, -1, -1
490, 9, 334.98, 811.96, 162.55, 222.71, 1, -1, -1, -1
491, 1, 994.47, 161.99, 134.95, 275.50, 1, -1, -1, -1
491, 9, 331.23, 830.06, 157.02, 213.47, 1, -1, -1, -1
492, 1, 993.52, 163.08, 135.43, 276.61, 1, -1, -1, -1
492, 9, 324.39, 849.70, 150.88, 203.32, 1, -1, -1, -1
493, 1, 992.37, 164.18, 137.14, 280.30, 1, -1, -1, -1
493, 9, 315.97, 867.18, 147.43, 196.94, 1, -1, -1, -1
494, 1, 990.77, 165.92, 137.44, 281.03, 1, -1, -1, -1
494, 9, 306.10, 883.13, 143.40, 189.98, 1, -1, -1, -1
495, 1, 989.23, 167.25, 137.43, 281.28, 1, -1, -1, -1
495, 9, 294.65, 900.56, 147.38, 193.73, 1, -1, -1, -1
496, 1, 987.87, 168.42, 136.96, 280.68, 1, -1, -1, -1
496, 9, 287.67, 915.31, 145.58, 191.36, 1, -1, -1, -1
497, 1, 986.88, 170.18, 135.76, 278.45, 1, -1, -1, -1
498, 1, 987.19, 172.16, 133.94, 274.94, 1, -1, -1, -1
499, 1, 986.97, 173.56, 132.64, 272.28, 1, -1, -1, -1
500, 1, 987.03, 174.06, 131.88, 270.62, 1, -1, -1, -1
501, 1, 986.24, 175.55, 130.61, 268.03, 1, -1, -1, -1
502, 1, 985.42, 177.42, 129.20, 265.09, 1, -1, -1, -1
503, 1, 984.60, 179.42, 129.74, 266.02, 1, -1, -1, -1
504, 1, 983.77, 180.79, 130.37, 267.06, 1, -1, -1, -1
505, 1, 982.93, 183.92, 131.06, 268.14, 1, -1, -1, -1
506, 1, 982.96, 187.04, 131.32, 268.57, 1, -1, -1, -1
507, 1, 982.61, 189.49, 132.84, 271.39, 1, -1, -1, -1
508, 1, 982.46, 192.34, 133.50, 272.46, 1, -1, -1, -1
509, 1, 982.25, 195.34, 134.74, 274.85, 1, -1, -1, -1
510, 1, 983.48, 199.04, 135.24, 275.74, 1, -1, -1, -1
511, 1, 984.09, 202.35, 136.48, 278.04, 1, -1, -1, -1
512, 1, 985.19, 204.84, 137.18, 279.55, 1, -1, -1, -1
513, 1, 986.70, 207.68, 136.58, 278.13, 1, -1, -1, -1
514, 1, 987.62, 209.99, 136.95, 278.88, 1, -1, -1, -1
515, 1, 988.76, 213.41, 136.15, 277.16, 1, -1, -1, -1
516, 1, 991.27, 216.60, 134.28, 273.19, 1, -1, -1, -1
517, 1, 993.23, 220.36, 133.52, 271.68, 1, -1, -1, -1
518, 1, 994.75, 223.00, 132.95, 270.46, 1, -1, -1, -1
519, 1, 995.81, 226.54, 133.69, 272.00, 1, -1, -1, -1
520, 1, 997.49, 231.08, 132.66, 269.95, 1, -1, -1, -1
521, 1, 998.39, 235.33, 133.01, 270.51, 1, -1, -1, -1
522, 1, 998.67, 240.79, 133.19, 270.73, 1, -1, -1, -1
523, 1, 1000.32, 244.71, 132.75, 269.51, 1, -1, -1, -1
524, 1, 1001.15, 249.37, 132.76, 269.05, 1, -1, -1, -1
525, 1, 1001.88, 253.64, 132.53, 268.23, 1, -1, -1, -1
526, 1, 1002.07, 259.08, 132.53, 267.94, 1, -1, -1, -1
527, 1, 1001.69, 264.96, 133.38, 269.17, 1, -1, -1, -1
528, 1, 999.85, 270.99, 134.38, 270.97, 1, -1, -1, -1
529, 1, 998.07, 277.07, 135.58, 272.97, 1, -1, -1, -1
530, 1, 997.19, 283.16, 136.41, 274.38, 1, -1, -1, -1
531, 1, 996.01, 288.60, 137.08, 275.57, 1, -1, -1, -1
532, 1, 995.91, 294.43, 135.96, 273.37, 1, -1, -1, -1
533, 1, 995.88, 300.42, 134.85, 271.20, 1, -1, -1, -1
534, 1, 996.68, 306.46, 132.15, 265.73, 1, -1, -1, -1
534, 10, 429.36, 12.23, 135.59, 134.46, 1, -1, -1, -1
535, 1, 996.97, 311.85, 131.15, 263.68, 1, -1, -1, -1
535, 10, 426.18, 20.92, 139.62, 138.42, 1, -1, -1, -1
536, 1, 996.55, 317.66, 131.19, 263.61, 1, -1, -1, -1
536, 10, 425.50, 31.64, 137.29, 136.03, 1, -1, -1, -1
537, 1, 995.71, 323.62, 131.91, 264.94, 1, -1, -1, -1
537, 10, 425.33, 37.97, 137.06, 135.71, 1, -1, -1, -1
538, 1, 995.66, 330.29, 132.32, 265.47, 1, -1, -1, -1
538, 10, 421.48, 45.47, 139.74, 138.33, 1, -1, -1, -1
539, 1, 995.89, 336.57, 130.68, 261.72, 1, -1, -1, -1
539, 10, 417.41, 52.67, 142.05, 140.58, 1, -1, -1, -1
540, 1, 995.68, 342.04, 130.00, 259.65, 1, -1, -1, -1
540, 10, 414.61, 60.44, 143.55, 142.03, 1, -1, -1, -1
541, 1, 995.12, 347.86, 130.05, 258.91, 1, -1, -1, -1
541, 10, 411.31, 68.41, 148.72, 147.18, 1, -1, -1, -1
542, 1, 993.24, 354.47, 130.77, 259.33, 1, -1, -1, -1
542, 10, 408.56, 77.09, 149.84, 148.40, 1, -1, -1, -1
543, 1, 990.93, 360.05, 132.96, 262.84, 1, -1, -1, -1
543, 10, 406.02, 85.41, 150.03, 148.79, 1, -1, -1, -1
544, 1, 989.58, 366.57, 134.77, 265.49, 1, -1, -1, -1
544, 10, 404.26, 92.90, 149.83, 148.85, 1, -1, -1, -1
545, 1, 988.73, 373.43, 136.19, 267.16, 1, -1, -1, -1
545, 10, 404.14, 101.40, 147.45, 146.83, 1, -1, -1, -1
546, 1, 987.46, 379.11, 138.65, 271.09, 1, -1, -1, -1
546, 10, 403.54, 110.28, 144.48, 144.01, 1, -1, -1, -1
547, 1, 986.63, 385.65, 140.30, 273.21, 1, -1, -1, -1
547, 10, 400.49, 118.63, 146.49, 146.23, 1, -1, -1, -1
548, 1, 986.34, 392.51, 140.92, 273.35, 1, -1, -1, -1
548, 10, 398.24, 127.43, 147.57, 147.69, 1, -1, -1, -1
549, 1, 986.39, 399.50, 140.86, 272.05, 1, -1, -1, -1
549, 10, 396.54, 137.72, 145.20, 145.58, 1, -1, -1, -1
550, 1, 987.10, 406.54, 138.81, 266.91, 1, -1, -1, -1
550, 10, 393.78, 146.60, 146.67, 147.38, 1, -1, -1, -1
550, 11, 376.72, 11.54, 184.83, 190.03, 1, -1, -1, -1
551, 1, 986.73, 413.59, 137.36, 262.95, 1, -1, -1, -1
551, 10, 392.16, 156.25, 145.24, 146.06, 1, -1, -1, -1
551, 11, 376.25, 19.54, 178.85, 184.00, 1, -1, -1, -1
552, 1, 986.75, 421.30, 135.85, 258.82, 1, -1, -1, -1
552, 10, 388.73, 164.86, 145.16, 146.19, 1, -1, -1, -1
552, 11, 374.82, 27.87, 178.91, 184.29, 1, -1, -1, -1
553, 1, 986.75, 428.59, 135.34, 256.63, 1, -1, -1, -1
553, 10, 384.94, 174.40, 146.32, 147.54, 1, -1, -1, -1
553, 11, 373.44, 36.81, 178.78, 184.45, 1, -1, -1, -1
554, 1, 985.77, 435.72, 135.81, 256.52, 1, -1, -1, -1
554, 10, 381.00, 183.63, 146.64, 148.03, 1, -1, -1, -1
554, 11, 372.03, 45.24, 177.27, 183.16, 1, -1, -1, -1
555, 1, 983.56, 442.78, 136.38, 256.52, 1, -1, -1, -1
555, 10, 379.64, 194.05, 144.04, 145.56, 1, -1, -1, -1
555, 11, 370.30, 53.45, 177.28, 183.44, 1, -1, -1, -1
555, 12, 1517.23, 10.74, 159.30, 262.38, 1, -1, -1, -1
556, 1, 981.93, 449.16, 136.91, 256.55, 1, -1, -1, -1
556, 10, 375.96, 202.95, 142.95, 144.60, 1, -1, -1, -1
556, 11, 366.41, 60.89, 177.15, 183.58, 1, -1, -1, -1
556, 12, 1516.86, 16.93, 160.25, 263.97, 1, -1, -1, -1
557, 1, 980.13, 455.27, 138.20, 257.92, 1, -1, -1, -1
557, 10, 372.36, 211.25, 145.18, 146.88, 1, -1, -1, -1
557, 11, 363.13, 69.39, 178.94, 185.70, 1, -1, -1, -1
557, 12, 1516.90, 23.91, 160.97, 265.14, 1, -1, -1, -1
558, 1, 978.25, 460.63, 140.49, 261.11, 1, -1, -1, -1
558, 10, 369.14, 220.00, 147.29, 149.05, 1, -1, -1, -1
558, 11, 360.72, 78.28, 178.82, 185.83, 1, -1, -1, -1
558, 12, 1517.39, 29.63, 160.26, 264.03, 1, -1, -1, -1
559, 1, 976.18, 465.71, 143.47, 265.62, 1, -1, -1, -1
559, 10, 365.12, 229.57, 149.27, 151.17, 1, -1, -1, -1
559, 11, 358.40, 85.97, 181.15, 188.56, 1, -1, -1, -1
559, 12, 1517.58, 34.89, 159.94, 263.57, 1, -1, -1, -1
560, 1, 974.22, 472.00, 145.69, 268.63, 1, -1, -1, -1
560, 10, 361.75, 238.79, 149.30, 151.30, 1, -1, -1, -1
560, 11, 356.24, 94.53, 179.44, 186.93, 1, -1, -1, -1
560, 12, 1519.80, 39.29, 158.96, 261.99, 1, -1, -1, -1
560, 13, 149.75, 12.79, 189.91, 145.78, 1, -1, -1, -1
561, 1, 970.55, 478.10, 147.85, 271.74, 1, -1, -1, -1
561, 10, 358.93, 245.92, 151.27, 153.30, 1, -1, -1, -1
561, 11, 352.93, 100.76, 180.64, 188.30, 1, -1, -1, -1
561, 12, 1519.81, 43.39, 158.13, 260.71, 1, -1, -1, -1
561, 13, 145.02, 19.05, 192.07, 147.55, 1, -1, -1, -1
562, 1, 966.67, 483.48, 150.41, 275.51, 1, -1, -1, -1
562, 10, 355.44, 252.90, 152.46, 154.68, 1, -1, -1, -1
562, 11, 350.74, 108.77, 179.18, 186.83, 1, -1, -1, -1
562, 12, 1519.14, 46.71, 157.79, 260.23, 1, -1, -1, -1
562, 13, 141.03, 25.28, 193.52, 148.83, 1, -1, -1, -1
563, 1, 961.78, 487.92, 153.05, 279.53, 1, -1, -1, -1
563, 10, 351.65, 259.18, 154.08, 156.50, 1, -1, -1, -1
563, 11, 347.41, 114.80, 181.17, 188.92, 1, -1, -1, -1
563, 12, 1518.52, 50.43, 157.71, 260.05, 1, -1, -1, -1
563, 13, 138.99, 32.16, 189.94, 146.38, 1, -1, -1, -1
564, 1, 957.64, 490.71, 154.76, 281.68, 1, -1, -1, -1
564, 10, 348.02, 266.50, 154.67, 157.16, 1, -1, -1, -1
564, 11, 344.94, 120.76, 182.54, 190.36, 1, -1, -1, -1
564, 12, 1518.90, 53.63, 156.46, 257.98, 1, -1, -1, -1
564, 13, 136.71, 37.13, 189.28, 146.17, 1, -1, -1, -1
565, 1, 953.76, 492.86, 154.87, 281.13, 1, -1, -1, -1
565, 10, 345.18, 272.92, 155.39, 158.03, 1, -1, -1, -1
565, 11, 344.34, 126.69, 180.59, 188.26, 1, -1, -1, -1
565, 12, 1521.84, 55.97, 154.41, 254.53, 1, -1, -1, -1
565, 13, 133.19, 40.04, 191.29, 148.16, 1, -1, -1, -1
566, 1, 951.77, 494.78, 154.07, 278.89, 1, -1, -1, -1
566, 10, 344.78, 279.66, 151.86, 154.39, 1, -1, -1, -1
566, 11, 343.46, 131.28, 180.69, 188.11, 1, -1, -1, -1
566, 12, 1523.59, 57.32, 153.69, 253.26, 1, -1, -1, -1
566, 13, 130.26, 43.60, 191.49, 148.87, 1, -1, -1, -1
567, 1, 950.55, 495.95, 152.21, 274.69, 1, -1, -1, -1
567, 10, 343.43, 286.51, 149.19, 151.63, 1, -1, -1, -1
567, 11, 340.53, 135.39, 182.77, 190.04, 1, -1, -1, -1
567, 12, 1524.76, 57.67, 153.02, 252.15, 1, -1, -1, -1
567, 13, 127.34, 47.40, 192.79, 150.46, 1, -1, -1, -1
568, 1, 948.85, 498.85, 148.83, 267.76, 1, -1, -1, -1
568, 10, 340.39, 290.77, 151.47, 153.90, 1, -1, -1, -1
568, 11, 338.38, 139.34, 182.50, 189.44, 1, -1, -1, -1
568, 12, 1525.17, 57.65, 152.80, 251.77, 1, -1, -1, -1
568, 13, 125.64, 51.30, 192.71, 151.03, 1, -1, -1, -1
569, 1, 947.22, 499.07, 145.70, 261.13, 1, -1, -1, -1
569, 10, 338.94, 296.07, 151.79, 154.08, 1, -1, -1, -1
569, 11, 333.66, 142.55, 185.74, 192.51, 1, -1, -1, -1
569, 12, 1525.40, 57.52, 153.18, 252.33, 1, -1, -1, -1
569, 13, 122.62, 54.58, 193.68, 152.55, 1, -1, -1, -1
570, 1, 945.38, 498.30, 144.50, 258.01, 1, -1, -1, -1
570, 10, 337.53, 299.77, 152.52, 154.80, 1, -1, -1, -1
570, 11, 332.26, 145.53, 187.01, 193.65, 1, -1, -1, -1
570, 12, 1525.95, 57.36, 153.71, 253.23, 1, -1, -1, -1
570, 13, 121.30, 56.96, 192.62, 152.44, 1, -1, -1, -1
571, 1, 942.39, 497.21, 144.15, 256.24, 1, -1, -1, -1
571, 10, 335.77, 302.89, 154.10, 156.37, 1, -1, -1, -1
571, 11, 330.09, 148.41, 188.30, 194.73, 1, -1, -1, -1
571, 12, 1524.62, 57.21, 156.26, 257.56, 1, -1, -1, -1
571, 13, 119.04, 58.35, 193.31, 153.69, 1, -1, -1, -1
572, 1, 939.51, 496.68, 143.74, 254.29, 1, -1, -1, -1
572, 10, 332.84, 305.14, 155.45, 157.61, 1, -1, -1, -1
572, 11, 327.97, 151.27, 188.91, 195.12, 1, -1, -1, -1
572, 12, 1522.96, 57.08, 158.22, 261.18, 1, -1, -1, -1
572, 13, 117.16, 60.71, 193.84, 154.79, 1, -1, -1, -1
573, 1, 935.79, 495.70, 144.40, 254.29, 1, -1, -1, -1
573, 10, 331.40, 309.71, 154.15, 156.09, 1, -1, -1, -1
573, 11, 326.52, 154.79, 188.59, 194.58, 1, -1, -1, -1
573, 12, 1522.43, 57.62, 158.06, 261.23, 1, -1, -1, -1
573, 13, 116.15, 62.78, 194.16, 155.85, 1, -1, -1, -1
574, 1, 931.40, 493.25, 146.84, 257.67, 1, -1, -1, -1
574, 10, 331.26, 313.18, 151.03, 152.85, 1, -1, -1, -1
574, 11, 326.63, 158.57, 185.99, 191.72, 1, -1, -1, -1
574, 12, 1520.68, 57.75, 157.79, 261.23, 1, -1, -1, -1
574, 13, 115.27, 64.75, 192.81, 155.56, 1, -1, -1, -1
575, 1, 929.36, 490.95, 147.40, 257.65, 1, -1, -1, -1
575, 10, 332.51, 316.90, 147.44, 148.94, 1, -1, -1, -1
575, 11, 323.45, 160.45, 188.96, 194.60, 1, -1, -1, -1
575, 12, 1518.97, 57.74, 157.78, 261.87, 1, -1, -1, -1
575, 13, 113.64, 67.34, 192.42, 156.08, 1, -1, -1, -1
576, 1, 927.46, 488.04, 148.78, 258.99, 1, -1, -1, -1
576, 10, 331.10, 318.73, 150.02, 151.50, 1, -1, -1, -1
576, 11, 320.99, 161.68, 192.07, 197.63, 1, -1, -1, -1
576, 12, 1517.72, 57.03, 158.33, 263.42, 1, -1, -1, -1
576, 13, 112.74, 69.52, 191.69, 156.25, 1, -1, -1, -1
577, 1, 923.89, 484.92, 151.86, 263.48, 1, -1, -1, -1
577, 10, 328.54, 319.92, 151.20, 152.45, 1, -1, -1, -1
577, 11, 321.25, 163.95, 190.32, 195.49, 1, -1, -1, -1
577, 12, 1516.48, 56.05, 159.44, 265.96, 1, -1, -1, -1
577, 13, 112.81, 72.86, 190.09, 155.63, 1, -1, -1, -1
578, 1, 921.05, 481.10, 155.52, 269.12, 1, -1, -1, -1
578, 10, 325.60, 320.18, 153.74, 154.79, 1, -1, -1, -1
578, 11, 321.91, 166.63, 188.04, 192.66, 1, -1, -1, -1
578, 12, 1516.03, 53.68, 159.19, 266.25, 1, -1, -1, -1
578, 13, 112.14, 74.66, 189.70, 156.03, 1, -1, -1, -1
579, 1, 919.04, 477.69, 158.93, 274.53, 1, -1, -1, -1
579, 10, 324.86, 321.44, 153.41, 154.36, 1, -1, -1, -1
579, 11, 322.74, 168.80, 185.47, 189.58, 1, -1, -1, -1
579, 12, 1516.42, 51.43, 157.99, 265.01, 1, -1, -1, -1
579, 13, 111.48, 75.89, 189.84, 156.83, 1, -1, -1, -1
580, 1, 916.70, 477.12, 159.65, 275.76, 1, -1, -1, -1
580, 10, 323.12, 325.16, 153.60, 154.55, 1, -1, -1, -1
580, 11, 321.52, 172.39, 185.18, 189.28, 1, -1, -1, -1
580, 12, 1515.92, 51.63, 158.29, 265.51, 1, -1, -1, -1
580, 13, 109.57, 78.66, 190.44, 157.32, 1, -1, -1, -1
