1,1,530.23,365.36,164.10,294.57,-1,-1,-1,-1
2,1,527.99,359.76,168.13,305.33,-1,-1,-1,-1
3,1,527.51,354.58,170.98,315.09,-1,-1,-1,-1
4,1,526.94,349.50,172.43,311.41,-1,-1,-1,-1
5,1,533.43,346.27,170.18,315.56,-1,-1,-1,-1
6,1,533.99,342.89,169.84,321.40,-1,-1,-1,-1
7,1,533.85,336.01,170.30,320.94,-1,-1,-1,-1
8,1,533.93,328.27,169.35,322.34,-1,-1,-1,-1
9,1,535.28,324.61,166.59,326.38,-1,-1,-1,-1
10,1,535.32,318.88,167.47,323.90,-1,-1,-1,-1
11,1,533.75,314.42,171.25,317.78,-1,-1,-1,-1
12,1,532.97,310.01,172.97,310.94,-1,-1,-1,-1
13,1,532.21,304.60,174.76,306.05,-1,-1,-1,-1
14,1,533.16,299.17,173.84,300.86,-1,-1,-1,-1
15,1,532.55,295.30,174.56,306.22,-1,-1,-1,-1
16,1,532.06,289.54,175.29,303.39,-1,-1,-1,-1
17,1,532.20,286.95,176.51,306.28,-1,-1,-1,-1
18,1,529.67,279.64,181.27,307.11,-1,-1,-1,-1
19,1,531.51,276.67,178.20,310.96,-1,-1,-1,-1
20,1,531.29,270.43,178.26,309.04,-1,-1,-1,-1
21,1,532.51,266.58,175.84,314.17,-1,-1,-1,-1
22,1,533.20,261.57,173.99,310.31,-1,-1,-1,-1
23,1,535.20,256.91,170.48,305.80,-1,-1,-1,-1
24,1,536.86,254.30,168.09,308.05,-1,-1,-1,-1
25,1,538.05,250.66,165.84,313.53,-1,-1,-1,-1
26,1,541.34,244.54,159.79,312.76,-1,-1,-1,-1
27,1,547.83,240.54,156.07,317.48,-1,-1,-1,-1
28,1,548.55,232.19,155.91,318.65,-1,-1,-1,-1
29,1,551.77,226.72,151.89,314.70,-1,-1,-1,-1
30,1,554.07,220.53,148.71,312.95,-1,-1,-1,-1
31,1,554.75,216.65,149.17,317.47,-1,-1,-1,-1
32,1,554.81,210.83,149.14,314.45,-1,-1,-1,-1
33,1,554.28,204.75,150.53,311.55,-1,-1,-1,-1
34,1,556.84,200.92,154.58,305.00,-1,-1,-1,-1
35,1,556.06,194.90,156.69,314.19,-1,-1,-1,-1
36,1,554.94,189.16,160.86,311.71,-1,-1,-1,-1
37,1,555.73,186.10,160.61,316.11,-1,-1,-1,-1
38,1,557.77,183.02,157.20,321.67,-1,-1,-1,-1
39,1,556.69,179.97,160.27,312.43,-1,-1,-1,-1
40,1,557.58,174.43,159.09,309.50,-1,-1,-1,-1
41,1,558.49,173.18,157.67,310.41,-1,-1,-1,-1
42,1,565.48,170.46,153.21,314.35,-1,-1,-1,-1
43,1,564.78,166.32,154.75,309.57,-1,-1,-1,-1
44,1,565.21,162.92,155.04,314.63,-1,-1,-1,-1
45,1,566.32,160.83,153.15,317.17,-1,-1,-1,-1
46,1,566.84,155.88,151.81,314.00,-1,-1,-1,-1
47,1,565.86,149.99,153.97,311.93,-1,-1,-1,-1
48,1,566.27,145.68,152.12,315.77,-1,-1,-1,-1
49,1,565.26,140.90,153.68,311.23,-1,-1,-1,-1
50,1,564.49,135.97,155.55,305.93,-1,-1,-1,-1
51,1,564.89,131.11,154.55,300.08,-1,-1,-1,-1
52,1,563.91,128.66,157.23,302.76,-1,-1,-1,-1
53,1,564.73,125.44,155.08,308.14,-1,-1,-1,-1
54,1,565.79,122.08,153.55,300.69,-1,-1,-1,-1
55,1,566.06,119.28,153.65,304.28,-1,-1,-1,-1
56,1,567.23,115.42,153.28,298.90,-1,-1,-1,-1
57,1,568.05,114.08,151.92,299.59,-1,-1,-1,-1
58,1,570.96,111.18,146.65,292.46,-1,-1,-1,-1
59,1,571.11,110.03,146.71,293.86,-1,-1,-1,-1
60,1,572.86,109.02,145.04,295.84,-1,-1,-1,-1
61,1,580.53,108.79,138.83,295.73,-1,-1,-1,-1
62,1,581.81,107.57,138.43,296.92,-1,-1,-1,-1
63,1,584.29,106.98,135.99,297.94,-1,-1,-1,-1
64,1,587.98,106.14,130.98,298.41,-1,-1,-1,-1
65,1,591.19,102.14,133.89,293.31,-1,-1,-1,-1
66,1,593.01,102.37,132.56,291.83,-1,-1,-1,-1
67,1,594.05,101.66,132.94,292.09,-1,-1,-1,-1
68,1,594.93,100.11,133.52,282.10,-1,-1,-1,-1
69,1,599.85,99.52,132.18,282.54,-1,-1,-1,-1
70,1,600.18,98.89,133.75,281.89,-1,-1,-1,-1
71,1,600.45,97.59,135.78,284.43,-1,-1,-1,-1
72,1,600.85,96.27,135.69,274.00,-1,-1,-1,-1
73,1,601.37,95.53,136.18,274.92,-1,-1,-1,-1
74,1,606.24,93.95,135.50,277.66,-1,-1,-1,-1
75,1,607.93,93.18,134.07,278.42,-1,-1,-1,-1
76,1,608.54,91.46,134.46,281.87,-1,-1,-1,-1
77,1,608.10,89.53,134.50,284.33,-1,-1,-1,-1
78,1,610.47,87.70,131.68,287.24,-1,-1,-1,-1
79,1,610.44,83.69,131.58,283.60,-1,-1,-1,-1
80,1,612.80,81.17,126.11,285.21,-1,-1,-1,-1
81,1,612.19,74.59,126.69,285.67,-1,-1,-1,-1
82,1,612.17,73.77,125.85,283.82,-1,-1,-1,-1
83,1,611.80,69.27,126.16,279.13,-1,-1,-1,-1
84,1,610.58,65.97,128.91,270.77,-1,-1,-1,-1
85,1,610.41,63.65,129.08,271.97,-1,-1,-1,-1
86,1,609.41,58.79,131.37,267.83,-1,-1,-1,-1
87,1,609.85,56.05,131.15,271.32,-1,-1,-1,-1
88,1,610.40,53.12,129.13,277.40,-1,-1,-1,-1
89,1,610.21,49.54,128.37,270.87,-1,-1,-1,-1
90,1,609.87,47.40,129.04,273.54,-1,-1,-1,-1
91,1,609.85,46.68,127.57,274.25,-1,-1,-1,-1
92,1,609.34,45.71,128.68,275.25,-1,-1,-1,-1
93,1,608.18,45.25,123.84,276.25,-1,-1,-1,-1
94,1,609.88,43.90,120.02,278.73,-1,-1,-1,-1
95,1,609.06,40.14,121.15,274.35,-1,-1,-1,-1
96,1,609.97,39.69,120.10,274.42,-1,-1,-1,-1
97,1,611.07,37.84,118.44,276.78,-1,-1,-1,-1
98,1,613.41,35.68,120.02,281.18,-1,-1,-1,-1
99,1,614.37,34.78,118.90,281.68,-1,-1,-1,-1
100,1,615.08,33.34,117.42,284.58,-1,-1,-1,-1
101,1,614.87,30.16,117.54,277.33,-1,-1,-1,-1
102,1,616.66,29.54,114.69,276.97,-1,-1,-1,-1
103,1,617.15,28.27,113.24,278.97,-1,-1,-1,-1
104,1,616.65,25.84,114.17,270.32,-1,-1,-1,-1
105,1,616.53,25.69,115.13,270.47,-1,-1,-1,-1
106,1,617.10,25.52,114.66,270.03,-1,-1,-1,-1
107,1,616.90,25.45,114.49,270.48,-1,-1,-1,-1
108,1,617.14,25.90,114.47,269.65,-1,-1,-1,-1
109,1,617.51,25.47,114.21,271.39,-1,-1,-1,-1
110,1,616.26,25.08,115.90,272.84,-1,-1,-1,-1
111,1,615.61,25.48,116.34,272.29,-1,-1,-1,-1
112,1,612.33,28.12,115.43,278.31,-1,-1,-1,-1
113,1,611.82,28.58,115.17,278.26,-1,-1,-1,-1
114,1,610.93,28.53,115.39,278.88,-1,-1,-1,-1
115,1,609.19,28.93,115.86,277.21,-1,-1,-1,-1
116,1,608.89,29.26,115.10,276.41,-1,-1,-1,-1
117,1,608.29,29.92,115.43,273.95,-1,-1,-1,-1
118,1,607.85,30.74,116.56,273.09,-1,-1,-1,-1
119,1,607.07,30.58,117.49,274.61,-1,-1,-1,-1
120,1,604.48,32.47,115.11,271.00,-1,-1,-1,-1
121,1,604.34,33.51,114.46,270.00,-1,-1,-1,-1
122,1,604.01,34.92,114.49,268.09,-1,-1,-1,-1
123,1,603.85,37.63,114.71,275.39,-1,-1,-1,-1
124,1,603.38,39.06,115.50,274.17,-1,-1,-1,-1
125,1,602.89,40.10,115.82,274.50,-1,-1,-1,-1
126,1,602.70,43.92,115.38,279.29,-1,-1,-1,-1
127,1,603.22,46.33,114.68,277.06,-1,-1,-1,-1
128,1,603.47,47.98,113.89,275.21,-1,-1,-1,-1
129,1,604.94,53.03,112.37,277.40,-1,-1,-1,-1
130,1,604.68,54.83,112.86,277.38,-1,-1,-1,-1
131,1,606.02,59.09,110.96,281.10,-1,-1,-1,-1
132,1,607.09,61.77,110.46,278.49,-1,-1,-1,-1
133,1,606.78,65.00,111.10,284.42,-1,-1,-1,-1
134,1,609.41,67.07,112.27,281.49,-1,-1,-1,-1
135,1,609.35,68.75,112.73,279.75,-1,-1,-1,-1
136,1,609.27,71.30,113.39,275.10,-1,-1,-1,-1
137,1,609.51,73.97,113.79,283.28,-1,-1,-1,-1
138,1,609.91,76.09,113.47,281.00,-1,-1,-1,-1
139,1,610.79,79.07,113.08,289.02,-1,-1,-1,-1
140,1,610.67,83.45,114.27,281.02,-1,-1,-1,-1
141,1,609.42,85.75,116.59,277.85,-1,-1,-1,-1
142,1,610.76,91.53,115.29,280.01,-1,-1,-1,-1
143,1,609.76,95.23,116.43,275.46,-1,-1,-1,-1
144,1,609.23,101.13,116.87,277.33,-1,-1,-1,-1
145,1,609.50,103.97,116.36,274.55,-1,-1,-1,-1
146,1,609.68,110.34,115.61,274.92,-1,-1,-1,-1
147,1,608.06,114.70,117.84,269.01,-1,-1,-1,-1
148,1,608.36,119.96,118.86,271.50,-1,-1,-1,-1
149,1,605.14,122.55,125.06,268.00,-1,-1,-1,-1
150,1,606.46,127.78,123.97,271.91,-1,-1,-1,-1
151,1,605.27,133.75,127.68,262.92,-1,-1,-1,-1
152,1,605.80,139.89,127.95,265.64,-1,-1,-1,-1
153,1,609.73,146.62,131.32,267.00,-1,-1,-1,-1
154,1,609.09,152.48,136.58,270.25,-1,-1,-1,-1
155,1,609.42,160.02,147.04,269.90,-1,-1,-1,-1
156,1,608.24,166.58,152.75,272.82,-1,-1,-1,-1
157,1,606.12,172.71,157.40,277.83,-1,-1,-1,-1
158,1,606.26,180.42,157.21,277.91,-1,-1,-1,-1
159,1,611.63,188.49,158.55,278.80,-1,-1,-1,-1
160,1,612.44,195.78,159.31,282.04,-1,-1,-1,-1
161,1,620.04,206.31,157.05,291.20,-1,-1,-1,-1
162,1,624.66,215.57,165.06,289.02,-1,-1,-1,-1
163,1,635.69,222.54,174.15,293.46,-1,-1,-1,-1
164,1,634.55,231.38,179.45,305.28,-1,-1,-1,-1
165,1,639.59,239.63,184.27,304.15,-1,-1,-1,-1
166,1,647.29,246.27,183.77,291.47,-1,-1,-1,-1
167,1,650.30,252.94,179.60,280.15,-1,-1,-1,-1
168,1,658.24,261.89,178.01,277.46,-1,-1,-1,-1
169,1,661.23,268.72,172.87,264.59,-1,-1,-1,-1
170,1,666.05,278.87,164.85,257.64,-1,-1,-1,-1
171,1,678.25,284.81,154.55,260.73,-1,-1,-1,-1
172,1,690.78,291.64,143.80,263.27,-1,-1,-1,-1
173,1,700.34,298.76,139.78,265.10,-1,-1,-1,-1
174,1,703.34,306.61,138.91,265.05,-1,-1,-1,-1
175,1,711.44,312.83,136.22,268.66,-1,-1,-1,-1
176,1,719.11,320.04,135.37,270.69,-1,-1,-1,-1
177,1,724.88,325.47,138.69,264.94,-1,-1,-1,-1
178,1,731.94,332.65,140.49,265.15,-1,-1,-1,-1
179,1,734.16,341.39,140.95,262.31,-1,-1,-1,-1
180,1,741.73,347.40,139.91,264.55,-1,-1,-1,-1
181,1,748.20,353.84,140.76,267.15,-1,-1,-1,-1
182,1,751.08,357.28,138.59,265.66,-1,-1,-1,-1
183,1,758.65,359.32,136.45,275.75,-1,-1,-1,-1
184,1,766.82,367.72,135.79,272.46,-1,-1,-1,-1
185,1,775.80,370.75,133.00,269.34,-1,-1,-1,-1
186,1,781.26,376.15,127.97,271.14,-1,-1,-1,-1
187,1,788.25,381.63,127.48,274.87,-1,-1,-1,-1
188,1,795.82,382.38,126.55,277.59,-1,-1,-1,-1
189,1,802.31,391.24,129.70,274.78,-1,-1,-1,-1
190,1,810.08,400.15,129.88,271.56,-1,-1,-1,-1
191,1,818.33,401.60,129.71,270.17,-1,-1,-1,-1
192,1,823.67,412.21,132.98,264.39,-1,-1,-1,-1
193,1,828.86,413.16,138.79,264.17,-1,-1,-1,-1
194,1,825.23,423.45,150.54,257.92,-1,-1,-1,-1
195,1,829.87,433.58,154.15,253.50,-1,-1,-1,-1
196,1,836.69,439.73,155.78,257.64,-1,-1,-1,-1
197,1,844.60,448.06,155.67,256.75,-1,-1,-1,-1
198,1,845.74,456.45,156.26,255.78,-1,-1,-1,-1
199,1,852.89,463.70,155.48,255.06,-1,-1,-1,-1
200,1,854.81,466.63,154.56,254.88,-1,-1,-1,-1
201,1,863.44,471.12,152.32,260.54,-1,-1,-1,-1
202,1,870.46,477.82,152.58,259.92,-1,-1,-1,-1
203,1,878.82,481.98,151.34,267.32,-1,-1,-1,-1
204,1,880.91,486.38,151.54,274.99,-1,-1,-1,-1
205,1,890.27,490.30,146.92,283.18,-1,-1,-1,-1
206,1,898.78,494.92,144.56,289.77,-1,-1,-1,-1
207,1,904.47,496.74,148.24,287.69,-1,-1,-1,-1
208,1,911.77,503.60,149.15,288.52,-1,-1,-1,-1
209,1,912.14,506.10,152.51,284.31,-1,-1,-1,-1
210,1,918.17,507.66,152.71,282.72,-1,-1,-1,-1
211,1,920.54,511.68,152.31,288.57,-1,-1,-1,-1
212,1,927.35,510.64,150.64,292.19,-1,-1,-1,-1
213,1,929.47,511.05,149.58,291.90,-1,-1,-1,-1
214,1,931.88,513.69,146.65,299.70,-1,-1,-1,-1
215,1,937.75,511.47,146.26,304.07,-1,-1,-1,-1
216,1,940.41,510.74,144.93,305.72,-1,-1,-1,-1
217,1,946.51,505.63,144.94,303.04,-1,-1,-1,-1
218,1,953.79,505.13,144.85,302.80,-1,-1,-1,-1
219,1,954.93,504.82,145.68,301.87,-1,-1,-1,-1
220,1,957.51,500.80,143.05,296.13,-1,-1,-1,-1
221,1,967.47,497.86,135.76,301.66,-1,-1,-1,-1
222,1,971.95,495.78,131.13,304.84,-1,-1,-1,-1
223,1,979.31,493.67,130.00,308.88,-1,-1,-1,-1
224,1,987.16,491.92,127.01,296.93,-1,-1,-1,-1
225,1,989.68,489.52,127.32,285.05,-1,-1,-1,-1
226,1,994.52,484.80,129.39,279.01,-1,-1,-1,-1
227,1,994.57,479.90,133.43,273.47,-1,-1,-1,-1
228,1,1000.85,477.20,132.90,277.89,-1,-1,-1,-1
229,1,1002.73,474.10,132.41,283.12,-1,-1,-1,-1
230,1,1006.98,471.54,135.94,288.75,-1,-1,-1,-1
231,1,1006.93,469.14,140.12,278.80,-1,-1,-1,-1
232,1,1013.53,465.79,139.94,284.01,-1,-1,-1,-1
233,1,1014.98,461.39,140.09,277.95,-1,-1,-1,-1
234,1,1021.23,456.12,140.64,273.20,-1,-1,-1,-1
235,1,1022.49,453.82,139.86,276.73,-1,-1,-1,-1
236,1,1030.36,449.35,135.11,284.62,-1,-1,-1,-1
237,1,1030.27,444.36,136.43,279.03,-1,-1,-1,-1
238,1,1032.79,437.23,135.33,293.05,-1,-1,-1,-1
239,1,1032.60,431.90,137.08,288.37,-1,-1,-1,-1
240,1,1034.26,427.35,135.07,282.87,-1,-1,-1,-1
241,1,1038.42,424.49,136.27,286.81,-1,-1,-1,-1
242,1,1038.21,420.59,137.19,280.40,-1,-1,-1,-1
243,1,1039.40,417.49,135.40,285.17,-1,-1,-1,-1
244,1,1038.95,415.46,135.59,288.26,-1,-1,-1,-1
245,1,1039.57,410.96,134.38,284.05,-1,-1,-1,-1
246,1,1034.66,406.98,134.33,290.61,-1,-1,-1,-1
247,1,1033.79,401.25,134.30,288.28,-1,-1,-1,-1
248,1,1032.88,397.97,133.28,292.00,-1,-1,-1,-1
249,1,1032.55,392.01,131.94,290.06,-1,-1,-1,-1
250,1,1025.60,386.93,136.03,284.63,-1,-1,-1,-1
251,1,1024.02,381.74,136.86,279.60,-1,-1,-1,-1
252,1,1023.07,377.32,136.44,285.75,-1,-1,-1,-1
253,1,1017.44,371.90,136.56,281.98,-1,-1,-1,-1
254,1,1016.94,367.85,135.19,288.24,-1,-1,-1,-1
255,1,1014.61,362.15,137.41,284.86,-1,-1,-1,-1
256,1,1013.18,357.37,138.02,279.36,-1,-1,-1,-1
257,1,1007.76,352.34,137.53,288.55,-1,-1,-1,-1
258,1,1007.92,348.37,133.75,281.51,-1,-1,-1,-1
259,1,1001.63,345.59,135.84,284.36,-1,-1,-1,-1
260,1,1000.28,340.04,136.09,280.64,-1,-1,-1,-1
261,1,998.65,334.60,135.78,277.26,-1,-1,-1,-1
262,1,992.51,332.80,137.18,280.37,-1,-1,-1,-1
263,1,992.03,329.15,134.63,286.24,-1,-1,-1,-1
264,1,990.50,323.78,135.60,283.47,-1,-1,-1,-1
265,1,985.31,320.81,135.61,287.16,-1,-1,-1,-1
266,1,984.53,315.54,134.33,282.89,-1,-1,-1,-1
267,1,982.97,310.25,134.18,278.81,-1,-1,-1,-1
268,1,976.68,306.66,135.41,283.38,-1,-1,-1,-1
269,1,975.62,301.04,134.60,279.53,-1,-1,-1,-1
270,1,968.68,296.07,136.40,274.20,-1,-1,-1,-1
271,1,965.53,292.81,138.66,278.21,-1,-1,-1,-1
272,1,959.47,288.22,139.57,272.85,-1,-1,-1,-1
273,1,956.80,284.30,139.79,266.21,-1,-1,-1,-1
274,1,949.83,282.05,141.93,268.11,-1,-1,-1,-1
275,1,947.70,276.76,141.27,264.48,-1,-1,-1,-1
276,1,942.13,272.95,141.31,271.56,-1,-1,-1,-1
277,1,940.92,269.63,139.23,275.91,-1,-1,-1,-1
278,1,934.12,266.04,141.02,270.95,-1,-1,-1,-1
279,1,927.31,263.23,140.72,274.66,-1,-1,-1,-1
280,1,924.63,260.27,140.00,278.95,-1,-1,-1,-1
281,1,917.12,254.97,142.31,277.40,-1,-1,-1,-1
282,1,909.60,252.23,142.89,281.27,-1,-1,-1,-1
283,1,908.10,248.99,140.08,286.40,-1,-1,-1,-1
284,1,901.63,243.31,141.13,284.08,-1,-1,-1,-1
285,1,895.61,240.61,139.78,286.20,-1,-1,-1,-1
286,1,892.16,236.40,140.82,281.47,-1,-1,-1,-1
287,1,885.54,232.73,140.67,287.35,-1,-1,-1,-1
288,1,880.30,227.47,137.41,283.76,-1,-1,-1,-1
289,1,880.36,223.92,131.83,287.48,-1,-1,-1,-1
290,1,874.56,220.63,131.43,279.87,-1,-1,-1,-1
291,1,875.53,218.55,124.28,282.40,-1,-1,-1,-1
292,1,868.55,215.21,126.21,274.91,-1,-1,-1,-1
293,1,863.39,212.63,124.69,279.73,-1,-1,-1,-1
294,1,860.84,209.80,123.40,283.42,-1,-1,-1,-1
295,1,858.02,207.14,119.21,275.52,-1,-1,-1,-1
296,1,855.06,203.82,120.48,279.01,-1,-1,-1,-1
297,1,853.01,199.44,121.82,275.81,-1,-1,-1,-1
298,1,849.11,197.58,120.83,278.40,-1,-1,-1,-1
299,1,847.08,194.63,119.87,282.82,-1,-1,-1,-1
300,1,845.96,193.91,118.90,283.08,-1,-1,-1,-1
301,1,840.75,193.43,120.39,283.22,-1,-1,-1,-1
302,1,838.25,189.13,120.65,278.59,-1,-1,-1,-1
303,1,833.20,184.52,121.75,274.30,-1,-1,-1,-1
304,1,830.65,180.93,123.73,279.23,-1,-1,-1,-1
305,1,828.87,178.69,124.32,282.60,-1,-1,-1,-1
306,1,821.67,175.38,128.23,275.07,-1,-1,-1,-1
307,1,820.44,172.78,127.47,279.74,-1,-1,-1,-1
308,1,819.37,170.28,127.01,284.01,-1,-1,-1,-1
309,1,818.87,167.65,125.63,288.38,-1,-1,-1,-1
310,1,813.37,164.48,127.38,280.20,-1,-1,-1,-1
311,1,811.92,162.34,128.34,283.34,-1,-1,-1,-1
312,1,811.58,160.75,127.20,273.05,-1,-1,-1,-1
313,1,805.05,160.42,129.96,272.50,-1,-1,-1,-1
314,1,805.87,157.71,127.07,276.31,-1,-1,-1,-1
315,1,804.51,156.32,126.68,278.43,-1,-1,-1,-1
316,1,803.36,154.50,126.21,281.65,-1,-1,-1,-1
317,1,799.24,153.42,125.09,284.35,-1,-1,-1,-1
318,1,795.64,151.82,126.56,287.22,-1,-1,-1,-1
319,1,791.48,149.51,123.87,280.17,-1,-1,-1,-1
320,1,791.24,147.89,119.61,281.09,-1,-1,-1,-1
321,1,786.73,146.96,118.39,282.59,-1,-1,-1,-1
322,1,785.51,144.13,117.30,286.46,-1,-1,-1,-1
323,1,783.54,143.13,117.47,288.03,-1,-1,-1,-1
324,1,779.82,141.21,116.71,279.41,-1,-1,-1,-1
325,1,776.96,138.98,118.67,281.65,-1,-1,-1,-1
326,1,774.29,137.60,120.52,283.30,-1,-1,-1,-1
327,1,769.84,136.20,120.22,273.84,-1,-1,-1,-1
328,1,767.73,134.72,120.47,276.66,-1,-1,-1,-1
329,1,765.17,133.20,122.21,279.45,-1,-1,-1,-1
330,1,762.00,133.92,120.31,277.84,-1,-1,-1,-1
331,1,760.31,133.65,121.65,277.95,-1,-1,-1,-1
332,1,759.30,133.55,122.46,275.94,-1,-1,-1,-1
333,1,758.46,133.35,121.55,275.51,-1,-1,-1,-1
334,1,757.32,133.14,121.30,276.44,-1,-1,-1,-1
335,1,757.11,133.88,120.74,275.62,-1,-1,-1,-1
336,1,753.94,134.57,120.52,275.46,-1,-1,-1,-1
337,1,753.47,134.48,120.09,275.18,-1,-1,-1,-1
338,1,751.49,133.43,120.93,277.48,-1,-1,-1,-1
339,1,750.68,133.67,121.52,276.43,-1,-1,-1,-1
340,1,750.15,133.48,122.24,276.29,-1,-1,-1,-1
341,1,749.35,133.82,122.66,275.54,-1,-1,-1,-1
342,1,748.58,133.22,122.99,276.44,-1,-1,-1,-1
343,1,748.46,133.39,122.68,275.34,-1,-1,-1,-1
344,1,744.77,132.08,122.68,266.90,-1,-1,-1,-1
345,1,744.73,131.75,121.48,266.93,-1,-1,-1,-1
346,1,744.37,131.16,121.24,268.45,-1,-1,-1,-1
347,1,745.05,133.09,119.69,277.77,-1,-1,-1,-1
348,1,745.26,133.72,118.73,277.58,-1,-1,-1,-1
349,1,743.66,133.57,121.90,277.27,-1,-1,-1,-1
350,1,742.62,134.95,123.26,275.13,-1,-1,-1,-1
351,1,742.86,136.00,121.94,274.10,-1,-1,-1,-1
352,1,741.60,137.06,123.35,272.12,-1,-1,-1,-1
353,1,740.76,139.11,123.83,280.70,-1,-1,-1,-1
354,1,740.70,140.30,122.36,279.62,-1,-1,-1,-1
355,1,737.65,142.36,120.97,276.95,-1,-1,-1,-1
356,1,736.39,142.22,121.27,278.28,-1,-1,-1,-1
357,1,735.56,141.94,120.75,278.65,-1,-1,-1,-1
358,1,733.37,144.77,122.23,284.69,-1,-1,-1,-1
359,1,733.58,144.69,120.67,273.77,-1,-1,-1,-1
360,1,733.20,145.33,121.28,272.30,-1,-1,-1,-1
361,1,732.85,147.64,121.70,279.26,-1,-1,-1,-1
362,1,732.86,150.59,121.22,273.83,-1,-1,-1,-1
363,1,728.66,151.87,123.06,272.21,-1,-1,-1,-1
364,1,732.66,153.90,121.51,270.41,-1,-1,-1,-1
365,1,732.10,155.48,123.79,267.89,-1,-1,-1,-1
366,1,732.02,160.14,125.09,269.97,-1,-1,-1,-1
367,1,732.17,161.35,127.41,267.88,-1,-1,-1,-1
368,1,733.86,164.10,126.70,263.09,-1,-1,-1,-1
369,1,733.05,166.35,128.73,261.14,-1,-1,-1,-1
370,1,737.28,170.77,128.52,265.81,-1,-1,-1,-1
371,1,735.28,173.68,135.54,274.79,-1,-1,-1,-1
372,1,733.00,177.14,142.11,270.82,-1,-1,-1,-1
373,1,734.44,179.26,140.23,268.43,-1,-1,-1,-1
374,1,735.77,184.84,139.42,270.22,-1,-1,-1,-1
375,1,740.30,186.72,139.08,268.60,-1,-1,-1,-1
376,1,740.22,191.38,139.54,271.71,-1,-1,-1,-1
377,1,740.19,193.13,140.66,269.60,-1,-1,-1,-1
378,1,743.23,194.56,135.61,269.88,-1,-1,-1,-1
379,1,746.69,198.89,131.84,273.34,-1,-1,-1,-1
380,1,747.83,201.28,131.42,271.57,-1,-1,-1,-1
381,1,753.53,206.18,127.97,274.91,-1,-1,-1,-1
382,1,753.57,208.38,129.82,273.73,-1,-1,-1,-1
383,1,755.13,212.98,130.18,277.33,-1,-1,-1,-1
384,1,756.57,217.37,129.58,270.66,-1,-1,-1,-1
385,1,761.10,220.60,129.48,277.38,-1,-1,-1,-1
386,1,762.31,222.34,129.95,276.70,-1,-1,-1,-1
387,1,762.87,227.12,131.12,282.38,-1,-1,-1,-1
388,1,765.13,232.57,128.27,285.50,-1,-1,-1,-1
389,1,769.06,235.34,129.29,283.81,-1,-1,-1,-1
390,1,770.03,239.64,128.61,288.10,-1,-1,-1,-1
391,1,770.70,242.04,128.63,286.62,-1,-1,-1,-1
392,1,771.63,246.18,127.77,290.49,-1,-1,-1,-1
393,1,773.49,247.33,125.18,289.40,-1,-1,-1,-1
394,1,775.01,250.41,124.24,284.29,-1,-1,-1,-1
395,1,775.47,252.26,123.94,281.10,-1,-1,-1,-1
396,1,780.87,254.91,122.12,275.86,-1,-1,-1,-1
397,1,780.60,256.59,125.36,273.01,-1,-1,-1,-1
398,1,781.95,260.92,126.04,278.23,-1,-1,-1,-1
399,1,785.30,265.41,129.37,284.33,-1,-1,-1,-1
400,1,786.65,267.53,129.19,281.85,-1,-1,-1,-1
401,1,786.69,269.81,132.76,277.86,-1,-1,-1,-1
402,1,791.97,275.14,133.19,267.20,-1,-1,-1,-1
403,1,793.01,280.38,136.81,269.66,-1,-1,-1,-1
404,1,795.42,280.39,141.70,272.79,-1,-1,-1,-1
405,1,796.92,283.42,142.99,268.48,-1,-1,-1,-1
406,1,797.71,288.12,143.13,272.44,-1,-1,-1,-1
407,1,800.00,292.02,149.19,279.03,-1,-1,-1,-1
408,1,802.78,296.17,146.69,286.18,-1,-1,-1,-1
409,1,809.01,299.44,146.54,281.03,-1,-1,-1,-1
410,1,809.70,300.58,148.01,281.30,-1,-1,-1,-1
411,1,811.57,305.55,146.69,283.91,-1,-1,-1,-1
412,1,817.97,306.80,146.04,281.89,-1,-1,-1,-1
413,1,818.13,310.26,148.59,275.62,-1,-1,-1,-1
414,1,824.97,310.44,146.78,276.96,-1,-1,-1,-1
415,1,826.77,313.11,147.43,272.70,-1,-1,-1,-1
416,1,834.18,314.75,144.28,282.13,-1,-1,-1,-1
417,1,837.26,314.67,143.30,284.47,-1,-1,-1,-1
418,1,843.53,320.33,141.38,287.44,-1,-1,-1,-1
419,1,844.49,324.38,144.36,294.76,-1,-1,-1,-1
420,1,850.61,327.05,142.96,290.04,-1,-1,-1,-1
421,1,851.79,328.55,144.79,287.58,-1,-1,-1,-1
422,1,854.46,329.76,141.30,286.30,-1,-1,-1,-1
423,1,860.95,332.46,138.09,294.91,-1,-1,-1,-1
424,1,862.20,332.24,138.17,296.36,-1,-1,-1,-1
425,1,862.86,332.76,139.36,295.22,-1,-1,-1,-1
426,1,865.05,332.51,136.75,295.93,-1,-1,-1,-1
427,1,870.32,330.57,136.61,298.82,-1,-1,-1,-1
428,1,871.02,326.28,138.26,293.69,-1,-1,-1,-1
429,1,872.07,325.12,138.52,294.52,-1,-1,-1,-1
430,1,877.79,324.24,137.87,295.20,-1,-1,-1,-1
431,1,878.63,321.13,139.68,285.65,-1,-1,-1,-1
432,1,887.75,320.35,132.62,286.54,-1,-1,-1,-1
433,1,888.75,316.33,134.45,281.08,-1,-1,-1,-1
434,1,889.84,312.29,134.50,288.27,-1,-1,-1,-1
435,1,896.87,310.80,131.82,291.39,-1,-1,-1,-1
436,1,899.19,308.64,131.30,294.58,-1,-1,-1,-1
437,1,905.08,305.27,130.46,286.56,-1,-1,-1,-1
438,1,905.40,301.48,133.63,279.31,-1,-1,-1,-1
439,1,906.53,299.76,133.86,281.36,-1,-1,-1,-1
440,1,911.92,296.97,134.96,286.71,-1,-1,-1,-1
441,1,915.24,296.38,131.75,286.09,-1,-1,-1,-1
442,1,921.09,290.76,132.01,284.22,-1,-1,-1,-1
443,1,923.32,288.98,132.34,285.83,-1,-1,-1,-1
444,1,928.53,283.51,134.21,282.22,-1,-1,-1,-1
445,1,931.74,281.84,131.58,283.03,-1,-1,-1,-1
446,1,939.64,276.25,126.24,279.34,-1,-1,-1,-1
447,1,941.61,270.97,127.61,274.60,-1,-1,-1,-1
448,1,946.41,265.59,127.98,270.18,-1,-1,-1,-1
449,1,946.86,262.22,130.36,274.95,-1,-1,-1,-1
450,1,948.48,257.57,130.31,270.66,-1,-1,-1,-1
451,1,953.19,255.09,131.85,272.86,-1,-1,-1,-1
452,1,953.80,249.84,133.62,269.16,-1,-1,-1,-1
453,1,959.08,245.94,133.26,275.02,-1,-1,-1,-1
454,1,960.16,240.06,134.62,274.43,-1,-1,-1,-1
455,1,959.72,237.64,138.43,278.16,-1,-1,-1,-1
456,1,961.18,235.12,136.98,282.35,-1,-1,-1,-1
457,1,965.92,231.48,135.37,288.47,-1,-1,-1,-1
458,1,967.53,228.14,133.80,294.40,-1,-1,-1,-1
459,1,968.32,221.51,132.31,293.90,-1,-1,-1,-1
460,1,968.71,219.88,131.19,296.08,-1,-1,-1,-1
461,1,969.55,214.07,130.53,293.78,-1,-1,-1,-1
462,1,970.45,211.15,129.56,297.15,-1,-1,-1,-1
463,1,971.52,206.34,127.96,292.09,-1,-1,-1,-1
464,1,973.29,202.16,125.59,284.43,-1,-1,-1,-1
465,1,973.38,198.39,126.59,277.40,-1,-1,-1,-1
466,1,974.76,194.45,125.70,283.63,-1,-1,-1,-1
467,1,975.28,192.77,125.27,286.49,-1,-1,-1,-1
468,1,975.35,189.69,125.55,278.95,-1,-1,-1,-1
469,1,980.03,187.72,123.20,282.77,-1,-1,-1,-1
470,1,982.62,187.45,119.11,281.31,-1,-1,-1,-1
471,1,982.66,184.70,119.85,273.23,-1,-1,-1,-1
472,1,982.31,182.71,122.08,275.60,-1,-1,-1,-1
473,1,982.35,181.02,123.55,278.22,-1,-1,-1,-1
474,1,982.37,179.16,123.86,281.22,-1,-1,-1,-1
475,1,983.34,178.12,123.85,282.69,-1,-1,-1,-1
476,1,984.08,175.84,123.91,275.17,-1,-1,-1,-1
477,1,987.51,173.43,125.71,278.56,-1,-1,-1,-1
478,1,985.98,172.54,130.38,280.41,-1,-1,-1,-1
479,1,987.65,171.81,130.13,280.14,-1,-1,-1,-1
480,1,986.99,168.96,131.67,272.97,-1,-1,-1,-1
481,1,987.58,167.65,131.45,273.85,-1,-1,-1,-1
482,1,988.13,166.33,129.99,275.36,-1,-1,-1,-1
483,1,988.91,165.58,129.95,275.97,-1,-1,-1,-1
484,1,993.24,164.79,129.07,277.24,-1,-1,-1,-1
485,1,993.50,162.64,129.82,269.45,-1,-1,-1,-1
486,1,994.17,162.67,128.76,269.15,-1,-1,-1,-1
487,1,994.09,163.08,130.19,268.37,-1,-1,-1,-1
488,1,993.42,162.66,131.22,269.72,-1,-1,-1,-1
489,1,993.08,163.20,131.51,268.62,-1,-1,-1,-1
490,1,993.89,165.69,130.01,276.62,-1,-1,-1,-1
491,1,993.40,165.85,130.96,277.00,-1,-1,-1,-1
492,1,993.79,166.61,128.35,276.93,-1,-1,-1,-1
493,1,993.34,166.72,128.25,277.60,-1,-1,-1,-1
494,1,990.51,170.78,126.62,281.86,-1,-1,-1,-1
495,1,989.55,171.31,126.94,281.20,-1,-1,-1,-1
496,1,988.33,172.03,127.21,279.93,-1,-1,-1,-1
497,1,987.29,173.32,126.94,277.52,-1,-1,-1,-1
498,1,986.39,173.69,127.44,275.78,-1,-1,-1,-1
499,1,986.61,174.15,127.26,275.53,-1,-1,-1,-1
500,1,987.38,174.28,125.56,277.03,-1,-1,-1,-1
501,1,988.76,175.55,121.50,274.74,-1,-1,-1,-1
502,1,988.76,178.50,121.50,282.22,-1,-1,-1,-1
503,1,988.09,180.10,122.73,279.67,-1,-1,-1,-1
504,1,984.22,183.22,123.60,274.63,-1,-1,-1,-1
505,1,987.40,185.60,124.23,270.82,-1,-1,-1,-1
506,1,987.64,188.53,123.55,278.47,-1,-1,-1,-1
507,1,986.91,191.31,125.65,275.23,-1,-1,-1,-1
508,1,987.93,195.16,124.35,280.87,-1,-1,-1,-1
509,1,985.39,196.53,130.82,280.59,-1,-1,-1,-1
510,1,986.00,200.73,130.85,285.81,-1,-1,-1,-1
511,1,986.27,203.64,131.96,281.50,-1,-1,-1,-1
512,1,986.83,205.62,132.15,279.10,-1,-1,-1,-1
513,1,985.30,208.97,135.79,285.28,-1,-1,-1,-1
514,1,990.45,211.67,134.40,281.39,-1,-1,-1,-1
515,1,989.89,213.97,136.45,277.92,-1,-1,-1,-1
516,1,990.23,216.28,137.95,273.87,-1,-1,-1,-1
517,1,990.87,220.84,137.55,277.87,-1,-1,-1,-1
518,1,991.10,222.04,138.34,277.26,-1,-1,-1,-1
519,1,992.15,227.04,137.50,281.10,-1,-1,-1,-1
520,1,991.71,230.75,138.37,275.96,-1,-1,-1,-1
521,1,993.15,235.90,135.74,279.63,-1,-1,-1,-1
522,1,993.30,239.78,136.33,274.36,-1,-1,-1,-1
523,1,993.98,244.63,134.91,278.78,-1,-1,-1,-1
524,1,992.45,248.54,137.58,273.37,-1,-1,-1,-1
525,1,992.76,254.69,136.91,274.61,-1,-1,-1,-1
526,1,993.42,261.33,136.26,277.08,-1,-1,-1,-1
527,1,995.08,267.07,133.35,281.05,-1,-1,-1,-1
528,1,995.74,270.72,131.96,277.60,-1,-1,-1,-1
529,1,997.60,277.80,126.88,276.90,-1,-1,-1,-1
530,1,997.76,284.01,126.42,279.31,-1,-1,-1,-1
531,1,996.45,287.91,127.60,273.96,-1,-1,-1,-1
532,1,996.38,293.83,127.46,276.50,-1,-1,-1,-1
533,1,996.69,301.02,125.88,276.72,-1,-1,-1,-1
534,1,997.87,304.64,122.26,271.43,-1,-1,-1,-1
535,1,998.41,310.17,121.33,275.50,-1,-1,-1,-1
536,1,997.24,315.53,123.61,267.49,-1,-1,-1,-1
537,1,995.60,320.87,127.54,271.43,-1,-1,-1,-1
538,1,993.01,326.96,132.47,275.21,-1,-1,-1,-1
539,1,992.19,331.94,133.36,280.81,-1,-1,-1,-1
540,1,990.58,339.42,136.72,281.49,-1,-1,-1,-1
541,1,988.21,344.63,141.07,272.95,-1,-1,-1,-1
542,1,987.50,352.12,142.31,273.59,-1,-1,-1,-1
543,1,985.46,356.95,146.31,279.95,-1,-1,-1,-1
544,1,985.91,365.44,145.51,279.11,-1,-1,-1,-1
545,1,986.10,371.08,145.65,283.64,-1,-1,-1,-1
546,1,986.11,377.81,146.17,285.50,-1,-1,-1,-1
547,1,985.57,385.52,146.91,285.34,-1,-1,-1,-1
548,1,984.31,392.97,149.31,285.58,-1,-1,-1,-1
549,1,981.74,400.53,154.04,286.12,-1,-1,-1,-1
550,1,981.59,405.63,153.52,277.86,-1,-1,-1,-1
551,1,979.62,412.41,157.38,278.43,-1,-1,-1,-1
552,1,973.52,418.02,158.73,270.01,-1,-1,-1,-1
553,1,972.01,423.66,159.84,274.35,-1,-1,-1,-1
554,1,972.35,432.29,158.29,287.10,-1,-1,-1,-1
555,1,969.15,439.79,163.78,288.90,-1,-1,-1,-1
556,1,968.37,446.82,164.53,290.32,-1,-1,-1,-1
557,1,965.66,452.78,170.25,280.50,-1,-1,-1,-1
558,1,961.03,460.85,167.35,279.90,-1,-1,-1,-1
559,1,961.34,469.00,165.32,279.11,-1,-1,-1,-1
560,1,960.41,474.64,166.53,283.56,-1,-1,-1,-1
561,1,957.90,481.24,169.88,285.35,-1,-1,-1,-1
562,1,951.24,483.67,171.36,282.46,-1,-1,-1,-1
563,1,949.73,487.82,171.75,288.31,-1,-1,-1,-1
564,1,943.57,491.06,170.78,282.80,-1,-1,-1,-1
565,1,944.58,493.53,167.34,278.89,-1,-1,-1,-1
566,1,945.77,495.73,161.60,274.23,-1,-1,-1,-1
567,1,939.91,496.78,161.48,272.11,-1,-1,-1,-1
568,1,939.63,496.05,159.68,272.07,-1,-1,-1,-1
569,1,933.84,497.99,158.69,268.22,-1,-1,-1,-1
570,1,934.38,495.92,156.07,272.87,-1,-1,-1,-1
571,1,934.57,493.46,153.95,278.50,-1,-1,-1,-1
572,1,932.98,493.48,155.45,277.78,-1,-1,-1,-1
573,1,925.46,489.91,159.29,269.92,-1,-1,-1,-1
574,1,923.11,489.14,162.03,270.36,-1,-1,-1,-1
575,1,920.93,485.98,165.40,276.46,-1,-1,-1,-1
576,1,919.74,484.08,166.69,280.28,-1,-1,-1,-1
577,1,920.80,479.81,164.59,274.66,-1,-1,-1,-1
578,1,919.97,479.02,165.97,275.37,-1,-1,-1,-1
579,1,920.76,477.50,164.64,277.78,-1,-1,-1,-1
580,1,921.69,475.64,162.47,280.23,-1,-1,-1,-1
581,1,921.71,469.64,161.98,278.23,-1,-1,-1,-1
57,2,-114.94,-187.70,162.41,276.21,-1,-1,-1,-1
58,2,-105.55,-173.55,154.44,273.08,-1,-1,-1,-1
59,2,-79.45,-161.22,141.68,263.42,-1,-1,-1,-1
61,3,-69.15,-166.38,148.39,271.37,-1,-1,-1,-1
62,3,-57.74,-143.13,148.79,245.46,-1,-1,-1,-1
63,3,-46.97,-142.50,152.18,242.29,-1,-1,-1,-1
64,3,-34.22,-134.27,153.65,235.45,-1,-1,-1,-1
65,3,-21.29,-122.93,146.03,224.69,-1,-1,-1,-1
66,3,-8.71,-93.47,140.99,207.11,-1,-1,-1,-1
67,3,-10.97,-97.58,150.35,214.58,-1,-1,-1,-1
68,3,-2.92,-115.33,152.39,233.14,-1,-1,-1,-1
69,3,-4.97,-138.76,172.60,256.15,-1,-1,-1,-1
70,3,-6.82,-152.51,179.07,270.40,-1,-1,-1,-1
71,3,2.13,-162.35,176.31,279.71,-1,-1,-1,-1
72,3,14.07,-155.78,170.70,275.04,-1,-1,-1,-1
73,3,25.62,-152.14,163.97,271.89,-1,-1,-1,-1
74,3,36.74,-143.98,156.93,264.47,-1,-1,-1,-1
75,3,46.97,-122.72,151.40,242.34,-1,-1,-1,-1
76,3,52.79,-120.65,143.32,237.93,-1,-1,-1,-1
77,3,60.21,-122.39,140.85,239.86,-1,-1,-1,-1
78,3,65.91,-120.70,132.64,236.63,-1,-1,-1,-1
79,3,74.59,-120.65,128.48,237.41,-1,-1,-1,-1
80,3,71.72,-119.69,137.38,236.14,-1,-1,-1,-1
81,3,78.06,-130.10,138.07,244.98,-1,-1,-1,-1
82,3,82.18,-131.37,145.40,246.70,-1,-1,-1,-1
83,3,84.91,-144.74,156.52,259.54,-1,-1,-1,-1
84,3,84.23,-131.69,159.86,247.06,-1,-1,-1,-1
85,3,91.03,-107.68,161.53,222.56,-1,-1,-1,-1
86,3,101.79,-94.72,154.71,210.88,-1,-1,-1,-1
87,3,109.52,-103.71,154.74,220.75,-1,-1,-1,-1
88,3,117.93,-106.39,155.07,222.82,-1,-1,-1,-1
89,3,126.95,-111.57,152.17,227.12,-1,-1,-1,-1
90,3,127.97,-122.58,151.60,238.00,-1,-1,-1,-1
91,3,129.42,-111.50,149.32,226.76,-1,-1,-1,-1
92,3,130.83,-95.80,146.91,211.63,-1,-1,-1,-1
93,3,130.03,-84.65,147.75,201.38,-1,-1,-1,-1
94,3,130.26,-79.51,147.97,196.02,-1,-1,-1,-1
95,3,136.03,-107.43,149.98,220.62,-1,-1,-1,-1
96,3,138.02,-131.43,148.10,235.17,-1,-1,-1,-1
97,3,135.97,-138.69,152.46,240.17,-1,-1,-1,-1
98,3,143.56,-136.73,152.08,239.21,-1,-1,-1,-1
99,3,150.44,-137.85,154.46,238.71,-1,-1,-1,-1
100,3,158.87,-131.01,155.18,231.76,-1,-1,-1,-1
101,3,166.99,-124.39,154.81,227.14,-1,-1,-1,-1
102,3,176.78,-115.21,150.02,220.69,-1,-1,-1,-1
103,3,174.34,-108.03,156.05,221.04,-1,-1,-1,-1
104,3,179.40,-115.25,160.71,230.17,-1,-1,-1,-1
105,3,188.61,-124.47,158.15,238.65,-1,-1,-1,-1
106,3,196.16,-132.62,157.58,248.00,-1,-1,-1,-1
107,3,199.21,-129.75,153.35,246.42,-1,-1,-1,-1
108,3,202.40,-126.38,148.78,244.42,-1,-1,-1,-1
109,3,212.30,-128.08,141.63,246.17,-1,-1,-1,-1
110,3,215.99,-128.01,137.81,248.79,-1,-1,-1,-1
111,3,224.48,-98.66,132.18,226.59,-1,-1,-1,-1
112,3,226.57,-84.95,131.73,215.86,-1,-1,-1,-1
113,3,227.65,-105.00,130.92,235.50,-1,-1,-1,-1
114,3,227.21,-105.07,130.35,239.23,-1,-1,-1,-1
115,3,228.61,-95.73,127.31,239.51,-1,-1,-1,-1
116,3,237.73,-91.38,123.18,238.65,-1,-1,-1,-1
117,3,238.37,-78.91,124.36,226.95,-1,-1,-1,-1
118,3,244.26,-73.87,127.12,223.50,-1,-1,-1,-1
119,3,246.78,-74.74,136.43,234.98,-1,-1,-1,-1
120,3,250.97,-80.09,142.85,243.55,-1,-1,-1,-1
121,3,246.73,-89.76,154.85,257.42,-1,-1,-1,-1
122,3,244.07,-87.98,161.20,265.90,-1,-1,-1,-1
123,3,248.40,-89.61,165.74,270.25,-1,-1,-1,-1
124,3,249.93,-85.00,164.94,266.42,-1,-1,-1,-1
125,3,256.34,-70.18,166.50,250.54,-1,-1,-1,-1
126,3,255.96,-75.63,169.83,258.92,-1,-1,-1,-1
127,3,266.10,-65.86,162.31,259.92,-1,-1,-1,-1
128,3,265.89,-65.45,164.94,259.46,-1,-1,-1,-1
129,3,266.38,-65.73,164.34,263.39,-1,-1,-1,-1
130,3,269.60,-69.90,157.54,267.52,-1,-1,-1,-1
131,3,271.20,-65.17,154.83,262.13,-1,-1,-1,-1
132,3,268.87,-72.13,158.82,270.45,-1,-1,-1,-1
133,3,269.29,-79.52,157.85,277.97,-1,-1,-1,-1
134,3,269.94,-72.87,156.72,271.39,-1,-1,-1,-1
135,3,278.81,-64.86,152.55,274.26,-1,-1,-1,-1
136,3,288.01,-54.15,149.84,264.88,-1,-1,-1,-1
137,3,295.26,-37.85,153.83,258.56,-1,-1,-1,-1
138,3,302.08,-35.95,156.51,260.19,-1,-1,-1,-1
139,3,309.69,-31.24,156.63,259.04,-1,-1,-1,-1
140,3,313.90,-21.40,161.57,259.59,-1,-1,-1,-1
141,3,314.44,-22.40,162.92,262.82,-1,-1,-1,-1
142,3,316.30,-13.34,160.46,255.91,-1,-1,-1,-1
143,3,322.91,-0.27,160.39,252.07,-1,-1,-1,-1
144,3,324.37,1.27,159.80,251.68,-1,-1,-1,-1
145,3,333.42,8.26,154.56,252.48,-1,-1,-1,-1
146,3,335.90,8.61,152.05,254.48,-1,-1,-1,-1
147,3,337.16,17.27,150.69,252.06,-1,-1,-1,-1
148,3,338.64,20.89,148.65,249.49,-1,-1,-1,-1
149,3,342.47,28.40,141.85,246.01,-1,-1,-1,-1
150,3,351.26,35.78,134.24,246.08,-1,-1,-1,-1
151,3,351.62,37.71,135.31,247.74,-1,-1,-1,-1
152,3,351.63,43.29,135.89,249.85,-1,-1,-1,-1
153,3,350.94,48.83,138.15,253.56,-1,-1,-1,-1
154,3,353.40,54.75,134.73,256.88,-1,-1,-1,-1
155,3,357.68,61.51,137.28,258.31,-1,-1,-1,-1
156,3,358.81,67.34,138.53,253.06,-1,-1,-1,-1
157,3,364.67,75.91,140.24,249.75,-1,-1,-1,-1
158,3,367.33,82.50,139.96,252.40,-1,-1,-1,-1
159,3,371.91,88.69,143.54,254.24,-1,-1,-1,-1
160,3,372.45,94.28,144.08,258.93,-1,-1,-1,-1
161,3,375.69,101.11,148.92,261.05,-1,-1,-1,-1
162,3,375.34,108.31,153.73,261.33,-1,-1,-1,-1
163,3,381.51,114.24,153.27,265.54,-1,-1,-1,-1
164,3,381.11,116.91,156.36,265.27,-1,-1,-1,-1
165,3,382.57,121.40,155.06,269.86,-1,-1,-1,-1
166,3,383.67,128.11,154.11,269.06,-1,-1,-1,-1
167,3,384.82,131.97,152.27,267.75,-1,-1,-1,-1
168,3,391.97,137.15,148.73,268.88,-1,-1,-1,-1
169,3,394.29,140.36,145.97,265.24,-1,-1,-1,-1
170,3,398.82,147.45,137.78,263.12,-1,-1,-1,-1
171,3,403.31,153.10,130.41,256.44,-1,-1,-1,-1
172,3,408.18,159.25,132.29,257.73,-1,-1,-1,-1
173,3,410.57,165.83,131.44,258.44,-1,-1,-1,-1
174,3,414.34,171.97,135.87,261.11,-1,-1,-1,-1
175,3,414.95,177.43,139.80,252.99,-1,-1,-1,-1
176,3,420.74,182.99,141.33,256.47,-1,-1,-1,-1
177,3,421.56,190.82,153.93,255.56,-1,-1,-1,-1
178,3,427.26,194.98,158.46,253.75,-1,-1,-1,-1
179,3,428.86,201.64,157.66,253.97,-1,-1,-1,-1
180,3,434.85,209.82,158.98,253.14,-1,-1,-1,-1
181,3,436.21,214.83,158.57,255.75,-1,-1,-1,-1
182,3,435.79,218.28,160.47,255.45,-1,-1,-1,-1
183,3,440.67,224.03,163.37,258.02,-1,-1,-1,-1
184,3,444.00,231.44,159.96,258.69,-1,-1,-1,-1
185,3,450.08,240.20,160.46,254.21,-1,-1,-1,-1
186,3,451.39,244.76,160.97,250.20,-1,-1,-1,-1
187,3,453.02,250.43,158.61,251.39,-1,-1,-1,-1
188,3,461.38,257.47,154.16,251.84,-1,-1,-1,-1
189,3,463.22,260.83,153.02,249.32,-1,-1,-1,-1
190,3,463.88,267.52,152.00,250.87,-1,-1,-1,-1
191,3,469.86,274.81,152.94,251.41,-1,-1,-1,-1
192,3,470.20,279.06,153.42,258.04,-1,-1,-1,-1
193,3,471.61,285.68,152.29,259.40,-1,-1,-1,-1
194,3,473.13,290.41,150.31,253.82,-1,-1,-1,-1
195,3,479.89,296.85,150.07,256.23,-1,-1,-1,-1
196,3,481.49,304.04,150.15,257.02,-1,-1,-1,-1
197,3,489.59,311.57,149.40,256.25,-1,-1,-1,-1
198,3,495.36,318.62,152.31,257.31,-1,-1,-1,-1
199,3,498.91,325.11,159.76,259.41,-1,-1,-1,-1
200,3,498.76,330.07,162.81,254.64,-1,-1,-1,-1
201,3,505.31,337.37,162.63,257.36,-1,-1,-1,-1
202,3,506.03,344.26,164.54,256.29,-1,-1,-1,-1
203,3,513.70,350.57,162.95,259.60,-1,-1,-1,-1
204,3,516.15,356.36,160.54,265.09,-1,-1,-1,-1
205,3,523.14,361.44,158.68,270.92,-1,-1,-1,-1
206,3,524.04,366.67,158.82,262.37,-1,-1,-1,-1
207,3,525.26,373.07,157.62,259.46,-1,-1,-1,-1
208,3,530.49,376.42,148.78,256.41,-1,-1,-1,-1
209,3,535.48,384.57,150.58,253.23,-1,-1,-1,-1
210,3,536.44,386.52,151.46,252.58,-1,-1,-1,-1
211,3,541.19,393.61,155.45,252.48,-1,-1,-1,-1
212,3,541.38,398.34,157.21,258.70,-1,-1,-1,-1
213,3,543.70,403.82,154.02,248.05,-1,-1,-1,-1
214,3,551.39,409.68,152.16,252.06,-1,-1,-1,-1
215,3,556.79,413.12,155.71,248.78,-1,-1,-1,-1
216,3,562.94,421.38,159.57,245.48,-1,-1,-1,-1
217,3,569.83,423.86,161.99,242.07,-1,-1,-1,-1
218,3,573.51,428.74,158.64,234.46,-1,-1,-1,-1
219,3,579.02,436.06,162.17,233.35,-1,-1,-1,-1
220,3,585.00,441.93,163.85,233.84,-1,-1,-1,-1
221,3,586.24,444.54,163.52,232.10,-1,-1,-1,-1
222,3,592.76,450.84,164.24,232.98,-1,-1,-1,-1
223,3,595.23,453.27,162.50,229.50,-1,-1,-1,-1
224,3,602.10,459.50,161.59,230.94,-1,-1,-1,-1
225,3,603.81,461.45,161.31,228.63,-1,-1,-1,-1
226,3,611.55,465.26,158.83,223.33,-1,-1,-1,-1
227,3,615.99,468.24,151.85,219.11,-1,-1,-1,-1
228,3,625.96,474.29,145.00,218.21,-1,-1,-1,-1
229,3,626.98,474.16,146.41,219.54,-1,-1,-1,-1
230,3,635.04,475.84,143.94,217.33,-1,-1,-1,-1
231,3,640.49,477.34,135.50,216.11,-1,-1,-1,-1
232,3,649.33,482.48,130.79,216.48,-1,-1,-1,-1
233,3,650.36,483.65,132.49,216.97,-1,-1,-1,-1
234,3,656.90,484.20,131.62,218.01,-1,-1,-1,-1
235,3,656.68,486.71,135.79,227.17,-1,-1,-1,-1
236,3,665.64,488.54,131.57,254.39,-1,-1,-1,-1
237,3,667.64,488.03,142.40,240.43,-1,-1,-1,-1
238,3,671.14,486.61,139.52,243.95,-1,-1,-1,-1
239,3,679.05,486.11,136.63,243.58,-1,-1,-1,-1
240,3,679.92,484.55,137.72,233.22,-1,-1,-1,-1
241,3,689.07,484.73,134.06,229.98,-1,-1,-1,-1
242,3,695.48,486.16,137.55,228.69,-1,-1,-1,-1
243,3,704.09,486.23,133.83,228.08,-1,-1,-1,-1
244,3,706.69,486.52,130.29,241.83,-1,-1,-1,-1
245,3,707.11,483.87,130.87,234.76,-1,-1,-1,-1
246,3,714.20,483.36,129.18,235.39,-1,-1,-1,-1
247,3,715.48,481.27,129.85,239.60,-1,-1,-1,-1
248,3,716.61,482.69,128.24,249.39,-1,-1,-1,-1
249,3,715.85,483.27,130.35,249.08,-1,-1,-1,-1
250,3,720.79,483.18,131.38,249.91,-1,-1,-1,-1
251,3,721.97,482.58,132.24,252.46,-1,-1,-1,-1
252,3,718.89,483.01,138.17,250.96,-1,-1,-1,-1
253,3,719.76,482.57,137.54,252.30,-1,-1,-1,-1
254,3,720.26,483.06,136.60,252.19,-1,-1,-1,-1
255,3,719.33,484.90,138.09,261.38,-1,-1,-1,-1
256,3,716.57,481.63,144.12,269.17,-1,-1,-1,-1
257,3,715.38,479.91,146.47,274.43,-1,-1,-1,-1
258,3,715.40,480.74,145.28,272.96,-1,-1,-1,-1
259,3,716.14,480.86,143.16,272.54,-1,-1,-1,-1
260,3,714.22,480.72,145.76,272.08,-1,-1,-1,-1
261,3,714.08,480.99,144.84,271.43,-1,-1,-1,-1
262,3,707.92,482.97,145.95,267.44,-1,-1,-1,-1
263,3,705.90,483.21,147.41,266.83,-1,-1,-1,-1
264,3,707.25,483.91,143.22,265.14,-1,-1,-1,-1
265,3,702.99,483.89,139.81,265.70,-1,-1,-1,-1
266,3,699.32,483.66,143.62,266.50,-1,-1,-1,-1
267,3,692.17,485.29,144.66,263.82,-1,-1,-1,-1
268,3,691.77,485.40,142.97,263.79,-1,-1,-1,-1
269,3,684.01,485.96,145.68,261.97,-1,-1,-1,-1
270,3,684.62,486.16,142.58,262.21,-1,-1,-1,-1
271,3,684.04,485.94,141.34,262.61,-1,-1,-1,-1
272,3,678.16,489.83,141.14,267.91,-1,-1,-1,-1
273,3,676.85,490.02,141.04,267.94,-1,-1,-1,-1
274,3,669.57,491.22,142.68,265.80,-1,-1,-1,-1
275,3,667.88,492.31,142.91,264.02,-1,-1,-1,-1
276,3,662.18,493.18,141.22,262.02,-1,-1,-1,-1
277,3,659.48,492.09,144.00,264.89,-1,-1,-1,-1
278,3,653.51,492.13,143.03,265.13,-1,-1,-1,-1
279,3,652.56,495.23,142.52,272.62,-1,-1,-1,-1
280,3,643.40,494.37,147.18,275.75,-1,-1,-1,-1
281,3,642.60,493.84,146.98,276.47,-1,-1,-1,-1
282,3,643.74,494.48,143.11,276.21,-1,-1,-1,-1
283,3,635.75,493.14,145.48,278.71,-1,-1,-1,-1
284,3,633.94,494.73,146.60,274.86,-1,-1,-1,-1
285,3,627.54,495.04,146.45,274.56,-1,-1,-1,-1
286,3,625.79,495.59,147.57,273.29,-1,-1,-1,-1
287,3,621.96,497.39,142.12,284.89,-1,-1,-1,-1
288,3,619.29,493.83,145.07,277.99,-1,-1,-1,-1
289,3,618.31,494.47,144.99,275.97,-1,-1,-1,-1
290,3,613.99,495.42,141.78,273.81,-1,-1,-1,-1
291,3,615.71,496.01,135.65,273.22,-1,-1,-1,-1
292,3,614.43,496.58,136.39,271.71,-1,-1,-1,-1
293,3,607.40,497.69,138.51,268.46,-1,-1,-1,-1
294,3,606.32,497.00,137.06,270.98,-1,-1,-1,-1
295,3,599.69,498.23,138.11,268.96,-1,-1,-1,-1
296,3,598.71,497.92,136.85,270.34,-1,-1,-1,-1
297,3,591.90,499.37,137.90,280.71,-1,-1,-1,-1
298,3,589.84,500.64,138.70,279.27,-1,-1,-1,-1
299,3,584.85,500.91,136.20,279.14,-1,-1,-1,-1
300,3,582.60,502.11,137.38,276.20,-1,-1,-1,-1
301,3,577.10,503.80,136.43,272.03,-1,-1,-1,-1
302,3,574.74,503.40,138.04,274.12,-1,-1,-1,-1
303,3,567.47,504.69,139.27,271.78,-1,-1,-1,-1
304,3,565.95,505.38,139.49,270.83,-1,-1,-1,-1
305,3,559.74,505.89,138.64,270.00,-1,-1,-1,-1
306,3,557.80,506.45,139.69,269.04,-1,-1,-1,-1
307,3,552.40,508.88,137.73,264.24,-1,-1,-1,-1
308,3,550.82,511.92,138.33,272.39,-1,-1,-1,-1
309,3,543.36,513.69,140.10,268.86,-1,-1,-1,-1
310,3,541.32,515.27,140.87,266.03,-1,-1,-1,-1
311,3,540.73,516.56,139.44,265.06,-1,-1,-1,-1
312,3,534.00,521.65,140.11,268.62,-1,-1,-1,-1
313,3,527.52,523.66,139.70,264.65,-1,-1,-1,-1
314,3,524.10,525.14,142.00,263.83,-1,-1,-1,-1
315,3,519.96,529.73,138.17,268.20,-1,-1,-1,-1
316,3,517.77,531.82,139.38,263.99,-1,-1,-1,-1
317,3,509.54,535.41,142.59,258.17,-1,-1,-1,-1
318,3,506.66,536.93,144.59,256.01,-1,-1,-1,-1
319,3,502.23,541.81,141.18,260.26,-1,-1,-1,-1
320,3,497.83,547.34,145.68,265.07,-1,-1,-1,-1
321,3,491.10,549.13,146.34,262.57,-1,-1,-1,-1
322,3,481.73,552.48,150.01,256.93,-1,-1,-1,-1
323,3,480.53,556.90,149.76,260.98,-1,-1,-1,-1
324,3,473.49,562.04,150.65,254.21,-1,-1,-1,-1
325,3,470.87,568.59,152.27,254.06,-1,-1,-1,-1
326,3,464.93,573.77,151.29,259.36,-1,-1,-1,-1
327,3,460.98,577.00,155.96,255.12,-1,-1,-1,-1
328,3,454.72,585.38,155.65,252.95,-1,-1,-1,-1
329,3,453.96,591.31,154.20,256.15,-1,-1,-1,-1
330,3,446.59,595.41,155.49,250.85,-1,-1,-1,-1
331,3,439.30,602.42,155.41,251.33,-1,-1,-1,-1
332,3,438.56,609.92,154.98,252.62,-1,-1,-1,-1
333,3,435.82,617.39,158.03,252.92,-1,-1,-1,-1
334,3,427.35,623.62,161.23,255.89,-1,-1,-1,-1
335,3,423.38,628.50,166.89,247.75,-1,-1,-1,-1
336,3,416.30,637.28,168.67,245.29,-1,-1,-1,-1
337,3,413.07,642.69,173.34,248.68,-1,-1,-1,-1
338,3,411.50,646.18,175.03,245.90,-1,-1,-1,-1
339,3,400.35,652.99,183.29,246.05,-1,-1,-1,-1
340,3,397.11,659.61,188.01,249.25,-1,-1,-1,-1
341,3,393.09,665.36,196.62,252.70,-1,-1,-1,-1
342,3,383.80,672.47,198.23,253.76,-1,-1,-1,-1
343,3,380.50,681.08,205.35,251.66,-1,-1,-1,-1
344,3,371.64,683.26,208.15,249.08,-1,-1,-1,-1
345,3,368.92,691.44,211.29,248.08,-1,-1,-1,-1
346,3,362.86,700.20,209.57,245.84,-1,-1,-1,-1
347,3,360.42,707.82,213.20,247.22,-1,-1,-1,-1
348,3,351.37,716.44,216.18,245.98,-1,-1,-1,-1
349,3,342.44,721.32,217.79,237.95,-1,-1,-1,-1
350,3,338.79,734.59,223.76,240.91,-1,-1,-1,-1
351,3,334.00,737.65,218.86,237.12,-1,-1,-1,-1
352,3,327.32,749.28,230.61,243.99,-1,-1,-1,-1
353,3,319.39,757.85,233.09,242.43,-1,-1,-1,-1
354,3,314.12,762.89,227.43,234.38,-1,-1,-1,-1
355,3,309.86,774.84,219.83,226.18,-1,-1,-1,-1
356,3,305.19,786.92,212.91,217.42,-1,-1,-1,-1
357,3,302.71,800.21,202.73,221.93,-1,-1,-1,-1
358,3,299.81,808.61,208.23,222.32,-1,-1,-1,-1
359,3,292.19,818.20,207.86,218.52,-1,-1,-1,-1
360,3,288.98,826.70,213.69,218.20,-1,-1,-1,-1
66,4,1239.80,-123.08,168.59,222.42,-1,-1,-1,-1
67,4,1232.83,-119.93,167.53,219.82,-1,-1,-1,-1
68,4,1229.57,-118.70,158.62,221.35,-1,-1,-1,-1
69,4,1235.65,-120.59,145.01,224.91,-1,-1,-1,-1
70,4,1234.99,-109.71,143.34,223.48,-1,-1,-1,-1
71,4,1226.46,-117.79,146.35,232.85,-1,-1,-1,-1
72,4,1218.27,-112.34,148.76,229.04,-1,-1,-1,-1
73,4,1219.31,-116.26,143.00,233.93,-1,-1,-1,-1
74,4,1211.17,-110.75,146.03,229.17,-1,-1,-1,-1
75,4,1206.96,-92.68,139.99,213.40,-1,-1,-1,-1
76,4,1206.84,-88.04,136.20,217.57,-1,-1,-1,-1
77,4,1204.05,-79.32,128.91,212.78,-1,-1,-1,-1
78,4,1194.37,-80.73,132.39,212.09,-1,-1,-1,-1
79,4,1184.51,-89.98,136.59,220.25,-1,-1,-1,-1
80,4,1176.54,-96.06,136.46,223.21,-1,-1,-1,-1
81,4,1174.24,-92.79,136.82,220.58,-1,-1,-1,-1
82,4,1168.00,-104.27,135.49,225.54,-1,-1,-1,-1
83,4,1165.59,-95.40,125.21,215.27,-1,-1,-1,-1
84,4,1159.22,-105.52,124.25,225.45,-1,-1,-1,-1
85,4,1158.83,-97.54,120.12,217.74,-1,-1,-1,-1
86,4,1156.41,-89.65,113.05,210.28,-1,-1,-1,-1
87,4,1152.92,-95.85,115.44,222.87,-1,-1,-1,-1
88,4,1146.43,-90.82,117.59,220.13,-1,-1,-1,-1
89,4,1138.83,-90.75,127.06,223.29,-1,-1,-1,-1
90,4,1126.43,-92.55,138.07,226.46,-1,-1,-1,-1
91,4,1118.60,-83.90,138.59,218.51,-1,-1,-1,-1
92,4,1110.17,-76.20,141.39,212.14,-1,-1,-1,-1
93,4,1108.48,-90.37,140.85,225.16,-1,-1,-1,-1
94,4,1100.55,-86.95,143.50,220.77,-1,-1,-1,-1
95,4,1091.51,-88.07,146.51,221.90,-1,-1,-1,-1
96,4,1084.54,-67.54,145.58,209.62,-1,-1,-1,-1
97,4,1083.18,-72.56,144.99,216.47,-1,-1,-1,-1
98,4,1075.44,-73.62,146.34,219.77,-1,-1,-1,-1
99,4,1076.70,-64.64,140.30,212.15,-1,-1,-1,-1
100,4,1069.42,-72.31,141.98,221.00,-1,-1,-1,-1
101,4,1060.56,-85.87,143.60,236.86,-1,-1,-1,-1
102,4,1062.09,-61.53,137.97,221.23,-1,-1,-1,-1
103,4,1055.82,-54.01,138.05,215.35,-1,-1,-1,-1
104,4,1057.90,-54.76,131.63,220.47,-1,-1,-1,-1
105,4,1050.00,-51.09,133.33,215.92,-1,-1,-1,-1
106,4,1043.09,-39.01,131.98,205.14,-1,-1,-1,-1
107,4,1040.39,-28.11,133.32,205.24,-1,-1,-1,-1
108,4,1028.60,-29.44,142.19,209.30,-1,-1,-1,-1
109,4,1018.12,-39.99,147.01,220.93,-1,-1,-1,-1
110,4,1012.18,-41.15,144.30,232.77,-1,-1,-1,-1
111,4,1005.65,-32.14,142.12,223.89,-1,-1,-1,-1
112,4,1005.07,-41.44,139.10,234.62,-1,-1,-1,-1
113,4,999.05,-39.81,136.92,236.49,-1,-1,-1,-1
114,4,993.76,-41.33,133.30,242.72,-1,-1,-1,-1
115,4,992.11,-31.40,132.70,241.24,-1,-1,-1,-1
116,4,986.95,-24.42,130.59,239.59,-1,-1,-1,-1
117,4,980.98,-16.96,128.67,241.80,-1,-1,-1,-1
118,4,980.93,-5.80,124.94,233.16,-1,-1,-1,-1
119,4,976.29,0.67,121.76,225.75,-1,-1,-1,-1
120,4,974.44,4.46,121.15,230.02,-1,-1,-1,-1
121,4,964.21,8.78,128.16,236.06,-1,-1,-1,-1
122,4,953.82,16.69,133.28,236.50,-1,-1,-1,-1
123,4,945.81,20.82,133.65,233.50,-1,-1,-1,-1
124,4,942.92,27.24,135.38,231.89,-1,-1,-1,-1
125,4,932.45,30.68,141.64,228.86,-1,-1,-1,-1
126,4,922.57,36.89,146.61,231.01,-1,-1,-1,-1
127,4,914.71,45.31,147.49,230.82,-1,-1,-1,-1
128,4,913.95,51.51,146.55,233.61,-1,-1,-1,-1
129,4,907.70,58.31,145.10,233.33,-1,-1,-1,-1
130,4,900.00,66.05,145.54,233.98,-1,-1,-1,-1
131,4,893.00,70.86,143.67,229.40,-1,-1,-1,-1
132,4,890.54,76.31,144.66,233.79,-1,-1,-1,-1
133,4,884.50,84.80,142.33,232.15,-1,-1,-1,-1
134,4,884.47,94.77,140.79,240.61,-1,-1,-1,-1
135,4,876.99,100.74,140.45,233.56,-1,-1,-1,-1
136,4,870.50,108.57,137.56,246.34,-1,-1,-1,-1
137,4,863.46,115.04,136.13,250.78,-1,-1,-1,-1
138,4,853.76,122.87,139.77,252.02,-1,-1,-1,-1
139,4,842.95,132.59,144.16,247.32,-1,-1,-1,-1
140,4,832.37,140.78,150.11,247.12,-1,-1,-1,-1
141,4,825.22,150.42,150.03,241.94,-1,-1,-1,-1
142,4,821.04,160.41,155.55,239.94,-1,-1,-1,-1
143,4,813.83,167.75,154.66,242.24,-1,-1,-1,-1
144,4,800.16,182.08,165.78,242.64,-1,-1,-1,-1
145,4,791.80,192.12,167.74,239.00,-1,-1,-1,-1
146,4,783.42,202.06,169.37,236.59,-1,-1,-1,-1
147,4,784.97,214.10,163.94,241.44,-1,-1,-1,-1
148,4,782.92,222.71,153.92,241.74,-1,-1,-1,-1
149,4,778.99,234.47,145.40,234.05,-1,-1,-1,-1
150,4,778.74,245.33,143.62,230.07,-1,-1,-1,-1
151,4,773.20,254.94,140.27,227.73,-1,-1,-1,-1
152,4,766.45,266.18,139.20,233.19,-1,-1,-1,-1
153,4,756.93,278.42,141.76,226.88,-1,-1,-1,-1
154,4,745.82,285.97,146.65,229.30,-1,-1,-1,-1
155,4,736.60,296.05,149.55,227.36,-1,-1,-1,-1
156,4,729.09,309.69,150.36,227.79,-1,-1,-1,-1
157,4,717.16,319.09,158.20,229.77,-1,-1,-1,-1
158,4,710.00,332.46,156.61,229.02,-1,-1,-1,-1
159,4,700.85,343.39,158.35,227.63,-1,-1,-1,-1
160,4,697.05,355.30,150.06,230.75,-1,-1,-1,-1
161,4,686.11,362.74,155.07,233.57,-1,-1,-1,-1
162,4,684.28,373.29,157.44,232.21,-1,-1,-1,-1
163,4,676.91,391.39,155.67,224.63,-1,-1,-1,-1
164,4,661.88,396.85,155.44,230.44,-1,-1,-1,-1
165,4,654.22,411.64,156.64,232.19,-1,-1,-1,-1
166,4,654.23,425.90,152.89,235.53,-1,-1,-1,-1
167,4,646.93,436.51,151.02,233.81,-1,-1,-1,-1
168,4,632.15,450.20,152.30,236.04,-1,-1,-1,-1
169,4,623.32,463.21,152.17,240.17,-1,-1,-1,-1
170,4,611.87,473.49,158.23,238.10,-1,-1,-1,-1
171,4,599.28,485.06,167.38,242.68,-1,-1,-1,-1
172,4,588.93,498.53,172.48,235.71,-1,-1,-1,-1
173,4,580.54,513.85,174.65,235.26,-1,-1,-1,-1
174,4,571.79,527.98,174.49,225.97,-1,-1,-1,-1
175,4,563.46,542.82,177.23,226.13,-1,-1,-1,-1
176,4,556.84,556.10,173.78,230.72,-1,-1,-1,-1
177,4,542.43,568.61,171.57,223.40,-1,-1,-1,-1
178,4,539.90,583.44,160.07,224.97,-1,-1,-1,-1
179,4,533.17,593.96,157.15,222.15,-1,-1,-1,-1
180,4,524.01,608.38,158.89,222.61,-1,-1,-1,-1
181,4,515.43,617.34,159.88,222.52,-1,-1,-1,-1
182,4,506.37,632.34,161.64,221.89,-1,-1,-1,-1
183,4,497.46,642.57,162.53,220.11,-1,-1,-1,-1
184,4,480.52,657.25,167.23,219.62,-1,-1,-1,-1
185,4,469.85,666.49,171.60,219.55,-1,-1,-1,-1
186,4,462.99,675.10,168.48,219.74,-1,-1,-1,-1
187,4,452.41,687.77,173.37,223.56,-1,-1,-1,-1
188,4,443.61,699.83,175.71,217.56,-1,-1,-1,-1
189,4,431.74,710.78,168.95,225.97,-1,-1,-1,-1
190,4,418.83,725.69,177.89,227.04,-1,-1,-1,-1
191,4,404.50,736.68,189.46,237.28,-1,-1,-1,-1
192,4,393.97,750.06,193.78,242.76,-1,-1,-1,-1
193,4,378.12,757.73,194.63,245.27,-1,-1,-1,-1
194,4,366.31,769.52,187.44,237.19,-1,-1,-1,-1
195,4,358.32,785.84,186.04,235.13,-1,-1,-1,-1
196,4,351.47,801.31,183.38,235.70,-1,-1,-1,-1
197,4,340.59,810.51,188.07,233.79,-1,-1,-1,-1
198,4,324.22,820.01,190.02,233.30,-1,-1,-1,-1
199,4,315.42,837.36,191.00,229.36,-1,-1,-1,-1
200,4,303.27,850.28,199.47,221.05,-1,-1,-1,-1
201,4,292.50,865.12,205.21,227.30,-1,-1,-1,-1
202,4,282.07,880.08,226.63,296.53,-1,-1,-1,-1
203,4,267.83,895.26,239.40,322.07,-1,-1,-1,-1
204,4,257.41,899.43,227.60,289.79,-1,-1,-1,-1
205,4,239.70,913.96,230.61,283.52,-1,-1,-1,-1
130,5,826.54,-63.31,80.48,143.69,-1,-1,-1,-1
133,6,833.74,-39.19,68.42,132.03,-1,-1,-1,-1
134,6,828.49,-51.13,77.00,147.96,-1,-1,-1,-1
135,6,825.14,-50.03,84.42,149.97,-1,-1,-1,-1
136,6,827.63,-37.41,79.12,147.01,-1,-1,-1,-1
137,6,830.74,-33.67,72.28,149.99,-1,-1,-1,-1
138,6,831.28,-28.50,72.94,153.96,-1,-1,-1,-1
139,6,832.16,-19.49,70.27,149.62,-1,-1,-1,-1
140,6,833.05,-10.77,68.15,152.76,-1,-1,-1,-1
141,6,832.45,-3.36,70.71,150.09,-1,-1,-1,-1
142,6,832.86,1.15,68.74,156.16,-1,-1,-1,-1
143,6,833.80,5.42,67.77,164.30,-1,-1,-1,-1
144,6,833.58,12.49,68.34,164.55,-1,-1,-1,-1
145,6,832.84,16.90,68.88,159.06,-1,-1,-1,-1
146,6,832.59,25.65,69.87,153.92,-1,-1,-1,-1
147,6,831.73,31.90,70.31,157.79,-1,-1,-1,-1
148,6,831.80,38.34,71.04,148.54,-1,-1,-1,-1
149,6,830.90,45.01,71.13,149.56,-1,-1,-1,-1
150,6,832.52,53.26,69.08,147.42,-1,-1,-1,-1
151,6,832.12,60.39,69.16,148.75,-1,-1,-1,-1
152,6,832.83,67.40,67.95,151.36,-1,-1,-1,-1
153,6,834.90,76.22,64.42,148.37,-1,-1,-1,-1
154,6,835.52,82.59,63.41,152.13,-1,-1,-1,-1
155,6,834.76,88.34,64.77,146.51,-1,-1,-1,-1
156,6,835.10,95.35,63.88,147.36,-1,-1,-1,-1
157,6,835.18,103.50,63.74,147.38,-1,-1,-1,-1
158,6,835.48,110.62,63.60,149.08,-1,-1,-1,-1
159,6,835.38,119.78,64.48,146.55,-1,-1,-1,-1
160,6,835.36,127.30,65.81,146.61,-1,-1,-1,-1
161,6,835.65,135.99,65.61,145.24,-1,-1,-1,-1
162,6,835.44,143.89,66.39,145.93,-1,-1,-1,-1
163,6,835.22,153.04,65.89,142.53,-1,-1,-1,-1
164,6,834.60,161.09,66.31,142.56,-1,-1,-1,-1
165,6,832.92,168.63,67.92,143.13,-1,-1,-1,-1
166,6,833.49,176.55,67.97,143.26,-1,-1,-1,-1
167,6,833.60,186.46,68.82,138.95,-1,-1,-1,-1
168,6,834.27,194.08,66.95,138.68,-1,-1,-1,-1
169,6,834.00,201.78,67.39,140.00,-1,-1,-1,-1
170,6,833.96,209.86,66.81,139.60,-1,-1,-1,-1
171,6,833.99,218.68,66.82,137.51,-1,-1,-1,-1
172,6,834.41,226.06,65.58,138.72,-1,-1,-1,-1
173,6,833.49,234.31,66.70,139.22,-1,-1,-1,-1
174,6,834.21,241.44,65.14,138.42,-1,-1,-1,-1
175,6,834.34,249.65,65.22,138.06,-1,-1,-1,-1
176,6,835.68,256.55,63.18,139.53,-1,-1,-1,-1
177,6,835.17,264.55,64.21,140.18,-1,-1,-1,-1
178,6,834.16,268.81,66.26,137.61,-1,-1,-1,-1
179,6,835.60,277.12,64.54,137.17,-1,-1,-1,-1
180,6,835.39,285.04,65.76,137.31,-1,-1,-1,-1
181,6,835.34,293.38,65.04,135.55,-1,-1,-1,-1
182,6,834.47,299.60,65.76,139.25,-1,-1,-1,-1
183,6,835.23,309.88,65.25,145.83,-1,-1,-1,-1
184,6,833.98,314.81,66.47,153.42,-1,-1,-1,-1
185,6,831.74,322.00,73.03,154.94,-1,-1,-1,-1
186,6,830.31,325.12,73.59,166.93,-1,-1,-1,-1
187,6,829.42,332.21,76.96,182.76,-1,-1,-1,-1
188,6,827.38,337.34,80.28,189.40,-1,-1,-1,-1
189,6,826.65,345.24,80.70,189.94,-1,-1,-1,-1
190,6,825.72,352.88,82.54,189.82,-1,-1,-1,-1
191,6,822.39,357.62,90.63,196.68,-1,-1,-1,-1
192,6,818.54,364.05,98.37,199.78,-1,-1,-1,-1
174,7,790.94,-143.42,74.46,162.99,-1,-1,-1,-1
175,7,789.59,-141.91,77.09,164.98,-1,-1,-1,-1
177,8,788.52,-134.39,77.88,169.88,-1,-1,-1,-1
178,8,781.16,-128.10,78.87,166.68,-1,-1,-1,-1
192,9,787.02,-122.24,96.09,188.94,-1,-1,-1,-1
194,10,788.53,-121.61,95.20,187.92,-1,-1,-1,-1
195,11,828.26,395.14,77.62,153.99,-1,-1,-1,-1
196,11,826.21,402.37,80.10,155.36,-1,-1,-1,-1
197,11,820.32,412.63,79.34,148.28,-1,-1,-1,-1
198,11,817.45,420.09,83.48,150.20,-1,-1,-1,-1
199,11,816.70,427.19,84.32,153.44,-1,-1,-1,-1
200,11,813.41,436.18,89.04,151.95,-1,-1,-1,-1
201,11,810.03,443.75,87.54,153.84,-1,-1,-1,-1
202,11,811.90,455.09,84.28,159.92,-1,-1,-1,-1
203,11,810.13,461.74,87.51,163.50,-1,-1,-1,-1
204,11,812.05,470.77,84.67,161.92,-1,-1,-1,-1
205,11,810.28,478.80,86.85,162.42,-1,-1,-1,-1
206,11,811.46,486.95,85.10,162.28,-1,-1,-1,-1
207,11,810.87,494.79,86.63,161.82,-1,-1,-1,-1
208,11,814.32,501.91,86.56,163.67,-1,-1,-1,-1
209,11,810.97,508.48,86.16,165.06,-1,-1,-1,-1
210,11,814.89,513.75,85.31,158.29,-1,-1,-1,-1
211,11,814.47,519.93,87.08,159.92,-1,-1,-1,-1
212,11,813.84,524.92,88.23,164.29,-1,-1,-1,-1
213,11,812.57,531.03,91.87,168.07,-1,-1,-1,-1
214,11,812.32,534.50,91.91,164.22,-1,-1,-1,-1
215,11,812.50,538.52,92.18,170.12,-1,-1,-1,-1
216,11,812.60,543.29,93.24,162.61,-1,-1,-1,-1
217,11,811.43,549.95,96.52,162.78,-1,-1,-1,-1
218,11,811.69,552.66,95.48,159.54,-1,-1,-1,-1
219,11,811.24,554.38,97.13,171.09,-1,-1,-1,-1
220,11,810.00,559.50,101.36,176.16,-1,-1,-1,-1
221,11,809.73,561.73,102.78,173.08,-1,-1,-1,-1
222,11,815.81,564.30,100.77,168.07,-1,-1,-1,-1
223,11,815.70,567.89,103.76,161.20,-1,-1,-1,-1
224,11,815.37,570.21,105.43,156.80,-1,-1,-1,-1
225,11,815.42,572.77,107.75,151.66,-1,-1,-1,-1
226,11,820.09,576.95,108.25,156.60,-1,-1,-1,-1
227,11,820.66,577.47,108.54,144.12,-1,-1,-1,-1
228,11,819.05,578.97,112.81,140.84,-1,-1,-1,-1
229,11,819.33,583.34,113.51,142.65,-1,-1,-1,-1
230,11,819.73,585.04,114.71,141.46,-1,-1,-1,-1
231,11,827.99,583.30,109.89,147.48,-1,-1,-1,-1
232,11,829.78,588.07,110.19,149.25,-1,-1,-1,-1
233,11,830.70,587.32,108.62,153.11,-1,-1,-1,-1
234,11,837.39,588.94,107.04,148.77,-1,-1,-1,-1
235,11,839.47,588.27,106.13,151.39,-1,-1,-1,-1
236,11,847.05,588.46,103.28,151.34,-1,-1,-1,-1
237,11,850.01,590.00,99.94,149.37,-1,-1,-1,-1
238,11,851.25,593.13,97.90,156.58,-1,-1,-1,-1
239,11,850.96,594.24,98.66,155.22,-1,-1,-1,-1
240,11,849.53,594.49,100.52,155.38,-1,-1,-1,-1
241,11,849.31,594.66,101.47,155.46,-1,-1,-1,-1
242,11,850.86,598.32,100.09,161.81,-1,-1,-1,-1
243,11,854.11,597.73,104.45,163.97,-1,-1,-1,-1
244,11,856.02,597.48,102.21,165.36,-1,-1,-1,-1
245,11,859.07,600.68,98.62,173.46,-1,-1,-1,-1
246,11,859.33,603.02,100.61,171.12,-1,-1,-1,-1
247,11,865.68,604.43,97.94,182.65,-1,-1,-1,-1
248,11,864.58,602.59,102.63,171.78,-1,-1,-1,-1
249,11,864.59,602.37,104.12,171.73,-1,-1,-1,-1
250,11,868.60,604.07,107.76,183.37,-1,-1,-1,-1
251,11,868.70,603.59,110.91,184.71,-1,-1,-1,-1
252,11,868.11,603.40,113.32,185.13,-1,-1,-1,-1
253,11,874.67,604.61,113.13,181.62,-1,-1,-1,-1
254,11,877.43,603.67,110.34,184.25,-1,-1,-1,-1
255,11,879.42,603.30,107.64,185.45,-1,-1,-1,-1
256,11,888.36,606.25,99.67,194.57,-1,-1,-1,-1
257,11,887.56,606.98,104.96,179.42,-1,-1,-1,-1
258,11,888.37,608.62,105.33,175.42,-1,-1,-1,-1
259,11,891.58,610.91,109.99,169.62,-1,-1,-1,-1
260,11,891.41,612.44,112.43,166.07,-1,-1,-1,-1
261,11,891.17,613.22,113.43,164.59,-1,-1,-1,-1
262,11,888.73,612.38,117.78,166.67,-1,-1,-1,-1
263,11,889.30,612.37,116.83,167.54,-1,-1,-1,-1
264,11,889.48,614.81,116.04,177.10,-1,-1,-1,-1
265,11,887.75,614.73,119.84,178.46,-1,-1,-1,-1
266,11,888.74,613.83,117.54,181.28,-1,-1,-1,-1
267,11,889.69,614.16,115.78,180.14,-1,-1,-1,-1
268,11,889.14,614.77,115.77,178.88,-1,-1,-1,-1
269,11,881.43,615.22,119.88,177.28,-1,-1,-1,-1
270,11,881.15,615.74,119.13,176.64,-1,-1,-1,-1
271,11,880.90,616.78,119.21,174.85,-1,-1,-1,-1
272,11,879.74,617.87,120.15,172.53,-1,-1,-1,-1
273,11,877.72,617.14,122.86,173.57,-1,-1,-1,-1
274,11,873.33,617.18,120.08,173.97,-1,-1,-1,-1
275,11,873.46,617.78,118.51,172.62,-1,-1,-1,-1
276,11,871.43,618.14,120.52,171.78,-1,-1,-1,-1
277,11,872.76,621.45,116.01,179.98,-1,-1,-1,-1
278,11,863.18,619.11,123.68,170.52,-1,-1,-1,-1
279,11,861.69,617.53,123.32,173.56,-1,-1,-1,-1
280,11,855.77,617.64,122.77,173.72,-1,-1,-1,-1
281,11,856.11,618.73,118.86,186.21,-1,-1,-1,-1
282,11,846.02,617.50,125.50,189.41,-1,-1,-1,-1
283,11,843.68,616.61,126.85,190.96,-1,-1,-1,-1
284,11,835.12,614.69,130.11,194.85,-1,-1,-1,-1
285,11,826.90,616.01,132.37,191.94,-1,-1,-1,-1
286,11,823.80,616.11,135.20,192.22,-1,-1,-1,-1
287,11,815.19,616.10,138.53,191.87,-1,-1,-1,-1
288,11,812.36,614.62,141.81,195.15,-1,-1,-1,-1
289,11,806.35,615.39,139.94,193.12,-1,-1,-1,-1
290,11,806.14,614.35,138.07,196.05,-1,-1,-1,-1
291,11,797.43,614.08,141.03,195.86,-1,-1,-1,-1
292,11,791.37,618.28,139.19,187.90,-1,-1,-1,-1
293,11,795.15,622.00,129.79,195.54,-1,-1,-1,-1
294,11,794.59,620.41,129.16,198.96,-1,-1,-1,-1
295,11,789.80,622.31,126.23,194.61,-1,-1,-1,-1
296,11,789.07,622.33,123.86,179.33,-1,-1,-1,-1
297,11,785.53,623.87,118.72,175.44,-1,-1,-1,-1
298,11,787.97,622.79,111.17,163.97,-1,-1,-1,-1
299,11,782.62,623.14,109.17,163.66,-1,-1,-1,-1
300,11,780.72,625.89,109.65,170.85,-1,-1,-1,-1
301,11,774.15,626.78,111.02,170.55,-1,-1,-1,-1
302,11,773.23,627.11,109.93,170.03,-1,-1,-1,-1
303,11,770.99,627.20,111.40,169.46,-1,-1,-1,-1
304,11,764.23,627.81,112.75,169.07,-1,-1,-1,-1
305,11,764.86,628.37,108.38,168.14,-1,-1,-1,-1
306,11,757.63,630.40,110.14,163.42,-1,-1,-1,-1
307,11,749.42,630.77,112.28,162.95,-1,-1,-1,-1
308,11,750.15,636.44,107.34,165.71,-1,-1,-1,-1
309,11,750.74,638.09,102.72,163.29,-1,-1,-1,-1
310,11,742.95,639.50,107.00,160.61,-1,-1,-1,-1
311,11,740.01,641.21,108.72,158.03,-1,-1,-1,-1
312,11,734.12,642.70,106.85,154.81,-1,-1,-1,-1
313,11,726.10,644.45,108.15,152.28,-1,-1,-1,-1
314,11,725.12,650.88,107.91,152.15,-1,-1,-1,-1
315,11,717.11,654.39,110.30,146.96,-1,-1,-1,-1
316,11,709.41,655.34,110.39,147.22,-1,-1,-1,-1
317,11,707.18,660.45,110.58,149.02,-1,-1,-1,-1
318,11,698.94,663.04,112.39,147.55,-1,-1,-1,-1
319,11,692.54,668.30,110.82,149.02,-1,-1,-1,-1
320,11,685.11,671.90,108.43,157.65,-1,-1,-1,-1
321,11,678.06,672.63,107.01,158.99,-1,-1,-1,-1
322,11,671.08,676.99,106.23,165.66,-1,-1,-1,-1
323,11,664.77,682.59,103.92,169.22,-1,-1,-1,-1
324,11,653.84,684.52,109.61,167.62,-1,-1,-1,-1
325,11,642.52,691.10,117.15,167.82,-1,-1,-1,-1
326,11,634.53,695.17,116.79,162.80,-1,-1,-1,-1
327,11,623.11,702.06,122.86,161.68,-1,-1,-1,-1
328,11,611.71,704.24,130.05,159.66,-1,-1,-1,-1
329,11,611.02,712.17,128.19,157.99,-1,-1,-1,-1
330,11,605.95,715.48,125.17,153.57,-1,-1,-1,-1
331,11,601.17,724.30,119.02,151.30,-1,-1,-1,-1
332,11,594.05,732.74,117.30,148.85,-1,-1,-1,-1
333,11,584.37,741.78,118.59,147.52,-1,-1,-1,-1
334,11,576.91,744.78,118.66,157.66,-1,-1,-1,-1
335,11,558.37,747.56,124.03,153.22,-1,-1,-1,-1
336,11,549.35,757.04,126.27,148.54,-1,-1,-1,-1
337,11,542.36,761.17,123.93,156.48,-1,-1,-1,-1
338,11,532.52,763.96,128.26,153.17,-1,-1,-1,-1
339,11,523.28,770.90,130.22,153.52,-1,-1,-1,-1
340,11,517.71,778.43,125.33,154.35,-1,-1,-1,-1
341,11,520.24,782.70,118.53,162.48,-1,-1,-1,-1
342,11,514.08,792.71,116.54,158.27,-1,-1,-1,-1
343,11,515.57,797.14,112.76,151.00,-1,-1,-1,-1
344,11,515.56,806.98,111.66,145.83,-1,-1,-1,-1
345,11,505.46,813.01,116.63,148.55,-1,-1,-1,-1
201,12,1642.46,-59.53,146.45,240.53,-1,-1,-1,-1
204,13,1648.03,-55.61,153.09,253.53,-1,-1,-1,-1
205,13,1658.17,-48.72,146.12,256.70,-1,-1,-1,-1
206,13,1660.58,-49.64,143.70,259.21,-1,-1,-1,-1
207,13,1668.22,-49.02,141.53,259.49,-1,-1,-1,-1
208,13,1667.67,-47.25,144.42,260.75,-1,-1,-1,-1
209,13,1667.47,-46.57,145.44,260.37,-1,-1,-1,-1
210,13,1668.84,-43.47,143.71,267.43,-1,-1,-1,-1
211,13,1673.01,-43.72,147.31,268.86,-1,-1,-1,-1
212,13,1674.21,-42.71,147.06,267.21,-1,-1,-1,-1
213,13,1673.07,-44.37,150.24,269.20,-1,-1,-1,-1
214,13,1669.71,-45.88,156.70,270.12,-1,-1,-1,-1
215,13,1676.77,-49.42,156.36,272.92,-1,-1,-1,-1
216,13,1675.15,-47.46,160.75,271.37,-1,-1,-1,-1
217,13,1675.07,-47.11,161.71,270.92,-1,-1,-1,-1
218,13,1683.91,-49.32,157.68,263.81,-1,-1,-1,-1
219,13,1685.30,-51.85,157.58,266.15,-1,-1,-1,-1
220,13,1684.67,-51.05,160.12,262.91,-1,-1,-1,-1
221,13,1691.17,-48.69,159.40,258.25,-1,-1,-1,-1
222,13,1690.78,-50.24,162.35,258.37,-1,-1,-1,-1
223,13,1688.55,-47.30,166.00,256.32,-1,-1,-1,-1
224,13,1689.82,-45.98,164.97,254.78,-1,-1,-1,-1
225,13,1697.68,-49.10,162.87,258.65,-1,-1,-1,-1
226,13,1698.00,-48.65,163.15,257.96,-1,-1,-1,-1
227,13,1695.74,-55.04,167.54,255.26,-1,-1,-1,-1
228,13,1704.10,-51.75,165.45,250.59,-1,-1,-1,-1
229,13,1701.95,-58.74,171.98,257.02,-1,-1,-1,-1
230,13,1698.80,-58.89,176.59,256.75,-1,-1,-1,-1
231,13,1698.16,-51.06,178.46,248.50,-1,-1,-1,-1
205,14,803.77,-99.71,95.29,201.75,-1,-1,-1,-1
206,14,798.85,-111.17,106.02,213.22,-1,-1,-1,-1
212,15,799.69,-124.38,105.17,223.47,-1,-1,-1,-1
217,16,802.24,-103.71,100.05,207.02,-1,-1,-1,-1
218,16,803.21,-101.43,98.69,204.77,-1,-1,-1,-1
219,16,808.56,-109.21,101.51,212.27,-1,-1,-1,-1
220,16,809.82,-107.61,100.13,210.91,-1,-1,-1,-1
221,16,807.91,-111.02,105.34,213.73,-1,-1,-1,-1
222,16,815.93,-110.27,102.91,210.10,-1,-1,-1,-1
384,17,829.46,-101.27,109.68,202.69,-1,-1,-1,-1
386,18,833.36,-91.62,101.42,208.95,-1,-1,-1,-1
387,18,830.37,-98.37,106.05,227.52,-1,-1,-1,-1
388,18,822.79,-91.58,108.32,235.42,-1,-1,-1,-1
389,18,821.19,-86.15,108.13,237.35,-1,-1,-1,-1
390,18,821.93,-79.90,106.08,246.35,-1,-1,-1,-1
391,18,819.00,-75.45,110.85,256.18,-1,-1,-1,-1
392,18,809.49,-64.43,118.22,259.92,-1,-1,-1,-1
393,18,805.35,-48.64,122.92,249.03,-1,-1,-1,-1
394,18,796.77,-36.98,127.41,251.14,-1,-1,-1,-1
395,18,794.56,-29.77,130.81,248.28,-1,-1,-1,-1
396,18,787.38,-16.16,131.61,243.64,-1,-1,-1,-1
397,18,784.36,-2.28,134.09,241.76,-1,-1,-1,-1
398,18,777.75,4.67,133.62,244.64,-1,-1,-1,-1
399,18,777.64,13.85,130.08,242.85,-1,-1,-1,-1
400,18,771.24,20.13,130.54,246.60,-1,-1,-1,-1
401,18,768.98,27.83,131.43,247.57,-1,-1,-1,-1
402,18,763.06,37.64,128.89,244.14,-1,-1,-1,-1
403,18,755.16,44.98,130.66,247.04,-1,-1,-1,-1
404,18,747.80,55.25,130.05,242.15,-1,-1,-1,-1
405,18,747.63,67.44,127.50,232.45,-1,-1,-1,-1
406,18,743.19,76.80,123.56,229.30,-1,-1,-1,-1
407,18,740.56,86.72,124.96,228.43,-1,-1,-1,-1
408,18,734.70,98.97,122.95,232.18,-1,-1,-1,-1
409,18,734.01,109.99,121.93,227.78,-1,-1,-1,-1
410,18,731.17,120.30,115.78,224.58,-1,-1,-1,-1
411,18,728.39,130.06,117.87,222.54,-1,-1,-1,-1
412,18,722.12,143.09,117.64,223.31,-1,-1,-1,-1
413,18,718.81,150.76,119.81,225.12,-1,-1,-1,-1
414,18,712.27,159.74,118.50,225.69,-1,-1,-1,-1
415,18,705.84,168.44,117.14,224.38,-1,-1,-1,-1
416,18,704.30,176.77,117.82,224.84,-1,-1,-1,-1
417,18,698.42,189.69,116.99,227.43,-1,-1,-1,-1
418,18,688.86,200.01,119.85,225.25,-1,-1,-1,-1
419,18,687.64,211.54,118.72,232.71,-1,-1,-1,-1
420,18,685.29,224.28,121.46,237.77,-1,-1,-1,-1
421,18,674.42,233.22,131.30,238.18,-1,-1,-1,-1
422,18,669.06,244.09,139.76,245.31,-1,-1,-1,-1
423,18,666.61,253.38,143.82,243.64,-1,-1,-1,-1
424,18,661.13,262.17,142.12,242.94,-1,-1,-1,-1
425,18,651.75,272.60,145.67,238.43,-1,-1,-1,-1
426,18,647.83,280.56,151.34,239.07,-1,-1,-1,-1
427,18,647.28,288.35,151.73,240.77,-1,-1,-1,-1
428,18,640.96,297.69,152.14,237.15,-1,-1,-1,-1
429,18,639.68,306.44,149.65,235.15,-1,-1,-1,-1
430,18,636.02,312.18,144.42,238.84,-1,-1,-1,-1
431,18,638.44,319.22,136.30,239.73,-1,-1,-1,-1
432,18,632.56,323.83,135.34,233.70,-1,-1,-1,-1
433,18,628.00,330.24,130.65,235.91,-1,-1,-1,-1
434,18,625.73,337.54,132.71,236.91,-1,-1,-1,-1
435,18,618.10,344.25,133.43,238.42,-1,-1,-1,-1
436,18,614.97,348.39,135.77,232.66,-1,-1,-1,-1
437,18,608.75,356.44,136.57,217.98,-1,-1,-1,-1
438,18,606.83,363.63,138.04,220.22,-1,-1,-1,-1
439,18,606.78,370.96,135.90,218.84,-1,-1,-1,-1
440,18,605.52,378.02,137.93,218.66,-1,-1,-1,-1
441,18,600.77,381.43,135.21,215.74,-1,-1,-1,-1
442,18,594.60,389.51,132.95,213.57,-1,-1,-1,-1
443,18,591.93,396.34,135.76,213.46,-1,-1,-1,-1
444,18,590.09,400.81,139.22,207.10,-1,-1,-1,-1
445,18,585.48,406.92,135.03,207.51,-1,-1,-1,-1
446,18,585.19,409.72,130.92,206.38,-1,-1,-1,-1
447,18,577.91,415.50,131.30,208.32,-1,-1,-1,-1
448,18,571.43,420.91,128.86,214.85,-1,-1,-1,-1
449,18,566.09,425.96,125.51,221.68,-1,-1,-1,-1
450,18,560.51,435.32,132.19,218.79,-1,-1,-1,-1
451,18,554.93,440.01,131.97,225.96,-1,-1,-1,-1
452,18,551.15,448.09,138.37,239.15,-1,-1,-1,-1
453,18,547.24,453.62,145.94,244.66,-1,-1,-1,-1
454,18,542.03,461.45,154.68,243.14,-1,-1,-1,-1
455,18,538.21,467.45,160.45,236.36,-1,-1,-1,-1
456,18,530.70,475.36,161.84,234.17,-1,-1,-1,-1
457,18,521.79,482.43,165.39,234.31,-1,-1,-1,-1
458,18,514.34,489.53,164.28,236.70,-1,-1,-1,-1
459,18,512.76,496.93,165.01,223.52,-1,-1,-1,-1
460,18,508.33,502.04,159.93,228.95,-1,-1,-1,-1
461,18,505.72,511.88,150.20,223.74,-1,-1,-1,-1
462,18,507.92,519.81,142.18,222.70,-1,-1,-1,-1
463,18,501.84,524.52,140.23,216.04,-1,-1,-1,-1
464,18,502.19,536.42,136.94,206.77,-1,-1,-1,-1
465,18,495.55,543.63,136.29,194.91,-1,-1,-1,-1
466,18,488.47,553.78,136.77,202.82,-1,-1,-1,-1
467,18,485.94,561.93,137.58,203.58,-1,-1,-1,-1
468,18,479.16,570.26,138.30,203.85,-1,-1,-1,-1
469,18,476.95,577.97,139.05,207.05,-1,-1,-1,-1
470,18,468.06,589.98,143.33,210.18,-1,-1,-1,-1
471,18,457.74,600.20,149.34,206.23,-1,-1,-1,-1
472,18,452.85,607.65,156.77,206.18,-1,-1,-1,-1
473,18,447.15,616.33,166.78,205.10,-1,-1,-1,-1
474,18,437.96,624.75,170.05,205.59,-1,-1,-1,-1
475,18,431.02,633.00,168.76,204.52,-1,-1,-1,-1
476,18,424.01,642.55,168.06,203.24,-1,-1,-1,-1
477,18,416.19,653.25,166.86,196.51,-1,-1,-1,-1
478,18,411.23,663.22,160.48,192.33,-1,-1,-1,-1
479,18,404.68,673.02,157.01,206.00,-1,-1,-1,-1
480,18,394.33,687.12,161.17,207.23,-1,-1,-1,-1
481,18,389.05,697.16,158.15,205.46,-1,-1,-1,-1
482,18,380.87,710.75,159.16,211.09,-1,-1,-1,-1
483,18,375.54,723.21,166.11,218.17,-1,-1,-1,-1
484,18,362.71,738.40,178.24,233.20,-1,-1,-1,-1
485,18,352.21,750.02,184.57,228.07,-1,-1,-1,-1
486,18,345.64,764.05,194.72,231.04,-1,-1,-1,-1
487,18,334.78,780.04,201.07,231.15,-1,-1,-1,-1
488,18,326.36,796.02,203.94,230.91,-1,-1,-1,-1
489,18,322.83,813.72,207.91,228.55,-1,-1,-1,-1
490,18,315.30,828.00,207.54,231.58,-1,-1,-1,-1
491,18,302.23,844.16,202.80,214.91,-1,-1,-1,-1
492,18,295.82,858.09,198.19,203.34,-1,-1,-1,-1
493,18,286.14,871.46,186.56,195.77,-1,-1,-1,-1
494,18,288.34,893.85,180.23,223.51,-1,-1,-1,-1
495,18,276.74,909.66,187.32,235.81,-1,-1,-1,-1
496,18,266.38,925.59,192.82,232.44,-1,-1,-1,-1
497,18,256.32,942.03,198.64,263.85,-1,-1,-1,-1
498,18,244.41,958.62,207.47,276.46,-1,-1,-1,-1
499,18,227.35,975.23,240.21,328.64,-1,-1,-1,-1
500,18,204.04,988.10,271.87,427.67,-1,-1,-1,-1
519,19,1485.44,-68.51,141.65,197.63,-1,-1,-1,-1
520,19,1495.36,-82.25,134.80,213.96,-1,-1,-1,-1
521,19,1497.95,-79.94,131.39,212.77,-1,-1,-1,-1
522,19,1499.32,-71.77,129.20,206.23,-1,-1,-1,-1
523,19,1499.13,-68.74,129.75,211.50,-1,-1,-1,-1
524,19,1499.69,-74.62,129.03,218.18,-1,-1,-1,-1
525,19,1500.60,-70.70,126.58,214.92,-1,-1,-1,-1
526,19,1501.69,-73.21,124.03,218.30,-1,-1,-1,-1
527,19,1502.91,-72.75,121.77,219.24,-1,-1,-1,-1
528,19,1503.42,-67.73,121.66,214.41,-1,-1,-1,-1
529,19,1507.64,-76.23,126.59,222.50,-1,-1,-1,-1
530,19,1505.19,-88.82,133.42,236.87,-1,-1,-1,-1
531,19,1507.41,-79.19,129.84,237.37,-1,-1,-1,-1
532,19,1516.97,-72.16,123.64,233.81,-1,-1,-1,-1
533,19,1519.55,-71.59,120.43,235.75,-1,-1,-1,-1
534,19,1521.21,-73.82,117.82,239.90,-1,-1,-1,-1
535,19,1526.34,-72.11,120.91,248.61,-1,-1,-1,-1
536,19,1525.51,-69.01,122.69,250.40,-1,-1,-1,-1
537,19,1526.54,-55.05,120.66,247.11,-1,-1,-1,-1
538,19,1520.76,-49.26,120.15,245.11,-1,-1,-1,-1
539,19,1520.01,-42.06,121.06,240.21,-1,-1,-1,-1
540,19,1521.85,-33.65,118.70,242.69,-1,-1,-1,-1
541,19,1525.46,-30.69,121.78,241.64,-1,-1,-1,-1
542,19,1526.96,-26.67,121.03,240.11,-1,-1,-1,-1
543,19,1527.03,-19.82,121.16,233.96,-1,-1,-1,-1
544,19,1525.53,-11.39,124.65,236.05,-1,-1,-1,-1
545,19,1523.57,-10.24,129.22,235.88,-1,-1,-1,-1
546,19,1523.96,-8.14,129.75,234.89,-1,-1,-1,-1
547,19,1530.45,-5.07,128.13,233.02,-1,-1,-1,-1
548,19,1531.01,-5.15,128.26,236.22,-1,-1,-1,-1
549,19,1527.14,-2.90,135.59,244.45,-1,-1,-1,-1
550,19,1524.23,-3.33,141.68,247.32,-1,-1,-1,-1
551,19,1522.98,0.11,143.98,254.20,-1,-1,-1,-1
552,19,1520.00,1.73,149.47,253.41,-1,-1,-1,-1
553,19,1519.25,8.43,151.36,255.10,-1,-1,-1,-1
554,19,1516.73,13.32,156.41,261.22,-1,-1,-1,-1
555,19,1514.07,18.65,161.79,264.88,-1,-1,-1,-1
556,19,1514.43,22.43,161.69,262.49,-1,-1,-1,-1
557,19,1515.31,28.33,159.86,265.44,-1,-1,-1,-1
558,19,1516.07,34.10,158.22,268.09,-1,-1,-1,-1
559,19,1516.82,40.95,156.54,268.45,-1,-1,-1,-1
560,19,1516.97,43.32,156.79,266.00,-1,-1,-1,-1
561,19,1517.12,46.43,156.63,261.74,-1,-1,-1,-1
562,19,1517.11,47.55,157.06,260.42,-1,-1,-1,-1
563,19,1517.50,51.48,156.01,263.93,-1,-1,-1,-1
564,19,1517.56,53.60,156.02,260.60,-1,-1,-1,-1
565,19,1517.77,55.06,155.35,258.57,-1,-1,-1,-1
566,19,1521.12,57.40,149.68,255.84,-1,-1,-1,-1
567,19,1523.74,58.61,145.42,254.11,-1,-1,-1,-1
568,19,1523.74,59.01,145.48,253.03,-1,-1,-1,-1
569,19,1523.45,59.35,145.84,251.63,-1,-1,-1,-1
570,19,1524.10,58.76,144.93,253.68,-1,-1,-1,-1
571,19,1525.02,60.21,142.25,261.04,-1,-1,-1,-1
572,19,1524.72,60.65,142.47,260.86,-1,-1,-1,-1
573,19,1524.31,60.47,142.35,261.47,-1,-1,-1,-1
574,19,1524.51,60.23,141.84,261.99,-1,-1,-1,-1
575,19,1524.30,59.58,141.22,263.69,-1,-1,-1,-1
576,19,1524.27,59.31,140.77,263.84,-1,-1,-1,-1
577,19,1524.64,58.84,139.61,264.49,-1,-1,-1,-1
578,19,1525.67,54.97,138.88,261.45,-1,-1,-1,-1
579,19,1524.52,53.45,140.69,261.34,-1,-1,-1,-1
580,19,1523.78,51.59,141.43,263.19,-1,-1,-1,-1
581,19,1524.64,48.68,139.82,256.09,-1,-1,-1,-1
524,20,428.88,-68.55,128.92,153.02,-1,-1,-1,-1
525,20,434.74,-54.41,117.48,141.51,-1,-1,-1,-1
526,20,437.66,-44.57,111.66,145.84,-1,-1,-1,-1
527,20,436.78,-37.81,113.23,141.37,-1,-1,-1,-1
528,20,437.56,-27.26,111.05,144.77,-1,-1,-1,-1
529,20,439.20,-22.68,108.37,141.78,-1,-1,-1,-1
530,20,440.02,-6.08,106.32,135.33,-1,-1,-1,-1
531,20,438.83,-0.82,109.13,142.42,-1,-1,-1,-1
532,20,435.61,1.92,114.09,140.53,-1,-1,-1,-1
533,20,436.67,8.32,111.14,144.14,-1,-1,-1,-1
534,20,434.01,14.33,113.72,147.28,-1,-1,-1,-1
535,20,433.02,23.09,114.39,145.72,-1,-1,-1,-1
536,20,432.42,32.15,115.04,143.67,-1,-1,-1,-1
537,20,429.92,39.23,119.56,143.38,-1,-1,-1,-1
538,20,425.65,46.90,118.48,143.96,-1,-1,-1,-1
539,20,425.65,55.48,116.28,142.35,-1,-1,-1,-1
540,20,424.43,62.86,115.47,144.01,-1,-1,-1,-1
541,20,423.49,72.44,116.57,142.66,-1,-1,-1,-1
542,20,418.86,80.83,115.76,142.57,-1,-1,-1,-1
543,20,416.82,88.60,116.89,142.15,-1,-1,-1,-1
544,20,416.23,96.64,114.83,142.92,-1,-1,-1,-1
545,20,412.45,104.26,115.51,144.64,-1,-1,-1,-1
546,20,409.78,111.74,116.81,147.24,-1,-1,-1,-1
547,20,407.97,120.43,118.34,144.49,-1,-1,-1,-1
548,20,401.40,127.62,121.07,146.46,-1,-1,-1,-1
549,20,400.51,139.43,122.09,150.28,-1,-1,-1,-1
550,20,398.14,146.38,123.39,153.66,-1,-1,-1,-1
551,20,397.28,155.87,121.76,151.34,-1,-1,-1,-1
552,20,391.91,164.83,123.92,150.27,-1,-1,-1,-1
553,20,389.24,174.17,125.56,149.57,-1,-1,-1,-1
554,20,386.92,183.99,127.60,145.87,-1,-1,-1,-1
555,20,382.24,193.56,126.04,153.67,-1,-1,-1,-1
556,20,376.68,201.98,133.29,153.56,-1,-1,-1,-1
557,20,374.42,211.15,134.89,151.80,-1,-1,-1,-1
558,20,369.80,219.93,133.75,151.60,-1,-1,-1,-1
559,20,368.74,228.92,133.76,151.27,-1,-1,-1,-1
560,20,361.88,237.80,135.21,150.30,-1,-1,-1,-1
561,20,361.89,245.09,132.37,151.73,-1,-1,-1,-1
562,20,360.92,253.24,133.57,151.17,-1,-1,-1,-1
563,20,355.15,259.50,132.83,153.03,-1,-1,-1,-1
564,20,352.21,265.46,137.66,155.58,-1,-1,-1,-1
565,20,349.91,271.26,139.37,157.99,-1,-1,-1,-1
566,20,346.66,276.14,144.17,154.25,-1,-1,-1,-1
567,20,347.29,280.34,141.63,159.59,-1,-1,-1,-1
568,20,341.65,286.85,141.76,160.44,-1,-1,-1,-1
569,20,339.76,290.75,144.30,156.17,-1,-1,-1,-1
570,20,337.60,296.43,146.13,157.12,-1,-1,-1,-1
571,20,336.17,298.91,148.16,155.55,-1,-1,-1,-1
572,20,332.76,304.10,145.02,156.37,-1,-1,-1,-1
573,20,331.57,306.94,146.29,153.49,-1,-1,-1,-1
574,20,331.07,307.21,145.67,156.68,-1,-1,-1,-1
575,20,329.40,311.70,147.20,157.88,-1,-1,-1,-1
576,20,329.22,312.96,146.42,159.80,-1,-1,-1,-1
577,20,326.23,312.93,151.84,160.09,-1,-1,-1,-1
578,20,325.81,317.27,152.70,162.20,-1,-1,-1,-1
579,20,320.05,317.38,153.62,164.75,-1,-1,-1,-1
580,20,319.96,318.43,153.66,163.16,-1,-1,-1,-1
581,20,319.97,321.47,153.33,158.84,-1,-1,-1,-1
532,21,922.94,-143.46,83.64,179.65,-1,-1,-1,-1
534,22,930.68,-143.80,82.22,183.49,-1,-1,-1,-1
535,22,931.89,-146.42,81.47,185.60,-1,-1,-1,-1
536,22,934.02,-144.89,78.91,183.96,-1,-1,-1,-1
537,22,931.33,-153.75,82.59,191.75,-1,-1,-1,-1
538,22,940.61,-136.88,76.44,186.37,-1,-1,-1,-1
539,22,942.50,-129.93,76.16,185.36,-1,-1,-1,-1
540,22,941.46,-119.42,78.80,186.50,-1,-1,-1,-1
541,22,938.41,-126.61,84.53,197.78,-1,-1,-1,-1
542,22,936.96,-123.41,87.59,205.75,-1,-1,-1,-1
543,22,932.75,-129.62,96.35,215.59,-1,-1,-1,-1
544,22,934.21,-109.51,92.85,204.73,-1,-1,-1,-1
545,22,937.79,-108.12,98.00,206.99,-1,-1,-1,-1
546,22,939.70,-102.87,97.88,202.75,-1,-1,-1,-1
547,22,949.00,-99.03,92.13,201.64,-1,-1,-1,-1
548,22,952.47,-89.97,89.10,201.67,-1,-1,-1,-1
549,22,952.22,-93.03,89.27,206.39,-1,-1,-1,-1
550,22,953.04,-94.87,87.51,210.06,-1,-1,-1,-1
551,22,953.13,-82.40,86.66,197.74,-1,-1,-1,-1
552,22,951.80,-82.70,89.30,196.79,-1,-1,-1,-1
553,22,948.76,-85.67,95.83,202.60,-1,-1,-1,-1
554,22,955.34,-76.77,94.23,196.07,-1,-1,-1,-1
555,22,955.92,-75.38,95.70,204.02,-1,-1,-1,-1
556,22,953.60,-81.03,99.65,214.24,-1,-1,-1,-1
557,22,956.04,-74.93,95.72,209.65,-1,-1,-1,-1
558,22,957.59,-69.76,93.82,213.85,-1,-1,-1,-1
559,22,958.98,-59.11,91.62,204.60,-1,-1,-1,-1
560,22,959.47,-56.81,92.01,205.98,-1,-1,-1,-1
561,22,956.83,-53.11,97.59,214.47,-1,-1,-1,-1
562,22,961.26,-50.65,97.00,215.00,-1,-1,-1,-1
563,22,960.26,-52.07,102.23,218.65,-1,-1,-1,-1
564,22,962.33,-48.00,101.09,214.40,-1,-1,-1,-1
565,22,962.95,-46.20,101.35,221.71,-1,-1,-1,-1
566,22,967.69,-43.57,100.71,219.79,-1,-1,-1,-1
567,22,968.60,-50.49,102.87,227.76,-1,-1,-1,-1
568,22,968.83,-51.64,105.32,228.47,-1,-1,-1,-1
569,22,968.68,-49.92,106.46,226.03,-1,-1,-1,-1
570,22,972.17,-49.86,109.33,227.23,-1,-1,-1,-1
571,22,975.15,-47.07,106.54,223.76,-1,-1,-1,-1
572,22,976.40,-48.23,105.84,225.20,-1,-1,-1,-1
573,22,980.58,-57.46,106.68,225.30,-1,-1,-1,-1
574,22,978.89,-53.10,112.45,220.02,-1,-1,-1,-1
575,22,979.64,-50.36,112.23,216.91,-1,-1,-1,-1
576,22,979.69,-52.80,112.88,229.06,-1,-1,-1,-1
577,22,978.31,-54.92,116.96,232.47,-1,-1,-1,-1
578,22,979.22,-58.55,116.00,235.48,-1,-1,-1,-1
579,22,978.36,-58.23,117.65,234.95,-1,-1,-1,-1
580,22,983.63,-60.50,118.26,237.51,-1,-1,-1,-1
581,22,984.86,-64.89,118.10,241.40,-1,-1,-1,-1
536,23,415.01,-67.08,153.73,151.17,-1,-1,-1,-1
537,23,415.31,-70.83,154.74,156.55,-1,-1,-1,-1
538,23,410.71,-74.63,163.63,160.70,-1,-1,-1,-1
539,23,410.63,-62.57,161.81,160.10,-1,-1,-1,-1
540,23,411.68,-55.70,160.10,158.63,-1,-1,-1,-1
541,23,412.51,-50.68,157.13,167.50,-1,-1,-1,-1
542,23,413.54,-45.74,154.33,176.96,-1,-1,-1,-1
543,23,412.36,-39.43,154.94,174.89,-1,-1,-1,-1
544,23,407.52,-30.42,153.71,177.74,-1,-1,-1,-1
545,23,407.44,-27.06,151.64,178.57,-1,-1,-1,-1
546,23,405.23,-18.22,154.69,184.58,-1,-1,-1,-1
547,23,399.90,-6.17,154.31,183.91,-1,-1,-1,-1
548,23,398.80,-3.06,153.60,182.48,-1,-1,-1,-1
549,23,394.11,4.21,150.99,182.72,-1,-1,-1,-1
550,23,393.02,11.98,152.29,184.06,-1,-1,-1,-1
551,23,389.07,20.85,158.65,182.61,-1,-1,-1,-1
552,23,382.52,31.25,157.76,178.60,-1,-1,-1,-1
553,23,380.02,38.21,160.51,181.10,-1,-1,-1,-1
554,23,377.69,45.95,163.50,181.67,-1,-1,-1,-1
555,23,375.89,59.46,164.87,182.37,-1,-1,-1,-1
556,23,370.27,63.84,163.90,178.35,-1,-1,-1,-1
557,23,367.89,75.75,167.40,181.74,-1,-1,-1,-1
558,23,366.99,83.37,167.22,183.91,-1,-1,-1,-1
559,23,363.40,91.18,172.99,184.74,-1,-1,-1,-1
560,23,358.97,98.32,169.84,187.87,-1,-1,-1,-1
561,23,355.86,103.98,173.57,192.48,-1,-1,-1,-1
562,23,350.18,107.99,173.29,197.42,-1,-1,-1,-1
563,23,348.20,113.35,175.05,190.46,-1,-1,-1,-1
564,23,346.26,120.71,178.15,188.40,-1,-1,-1,-1
565,23,345.39,127.36,177.53,190.50,-1,-1,-1,-1
566,23,341.60,129.18,175.08,190.62,-1,-1,-1,-1
567,23,339.38,135.47,177.03,193.45,-1,-1,-1,-1
568,23,338.61,139.28,177.82,198.49,-1,-1,-1,-1
569,23,337.10,140.60,179.82,198.41,-1,-1,-1,-1
570,23,335.84,142.43,180.46,197.01,-1,-1,-1,-1
571,23,330.38,148.84,181.32,196.06,-1,-1,-1,-1
572,23,329.17,148.99,181.62,197.78,-1,-1,-1,-1
573,23,328.39,154.27,182.51,200.27,-1,-1,-1,-1
574,23,325.73,154.33,186.75,203.31,-1,-1,-1,-1
575,23,325.32,155.21,186.55,202.41,-1,-1,-1,-1
576,23,324.47,156.21,187.66,201.95,-1,-1,-1,-1
577,23,324.73,161.36,187.03,204.41,-1,-1,-1,-1
578,23,323.96,162.88,188.09,203.84,-1,-1,-1,-1
579,23,319.45,164.12,188.11,200.98,-1,-1,-1,-1
580,23,319.79,167.87,185.76,205.43,-1,-1,-1,-1
581,23,318.83,168.93,187.28,204.27,-1,-1,-1,-1
544,24,215.96,-112.97,168.75,147.66,-1,-1,-1,-1
546,25,219.31,-91.03,159.97,139.28,-1,-1,-1,-1
547,25,205.79,-67.64,169.85,132.25,-1,-1,-1,-1
548,25,218.03,-76.27,144.23,144.01,-1,-1,-1,-1
549,25,210.95,-71.39,145.79,139.99,-1,-1,-1,-1
550,25,202.26,-61.31,148.07,142.79,-1,-1,-1,-1
551,25,196.06,-47.29,156.00,144.27,-1,-1,-1,-1
552,25,188.25,-33.96,157.97,147.86,-1,-1,-1,-1
553,25,189.41,-27.94,153.32,147.46,-1,-1,-1,-1
554,25,185.07,-20.20,150.16,151.23,-1,-1,-1,-1
555,25,181.31,-22.23,154.60,156.90,-1,-1,-1,-1
556,25,176.73,-7.67,152.04,154.23,-1,-1,-1,-1
557,25,173.78,-7.77,154.73,157.11,-1,-1,-1,-1
558,25,171.39,0.93,156.53,155.89,-1,-1,-1,-1
559,25,168.03,0.75,152.68,158.43,-1,-1,-1,-1
560,25,165.63,10.20,153.57,156.26,-1,-1,-1,-1
561,25,156.41,18.13,160.16,155.98,-1,-1,-1,-1
562,25,155.04,23.85,159.95,158.96,-1,-1,-1,-1
563,25,154.38,26.07,159.39,157.35,-1,-1,-1,-1
564,25,147.95,31.88,160.24,158.37,-1,-1,-1,-1
565,25,144.35,38.49,165.46,160.13,-1,-1,-1,-1
566,25,143.93,41.00,163.96,158.85,-1,-1,-1,-1
567,25,138.77,44.47,163.37,164.26,-1,-1,-1,-1
568,25,134.83,46.93,167.88,161.35,-1,-1,-1,-1
569,25,133.84,46.97,167.88,161.93,-1,-1,-1,-1
570,25,127.77,55.81,170.61,158.06,-1,-1,-1,-1
571,25,129.18,56.56,167.71,158.36,-1,-1,-1,-1
572,25,129.21,56.29,166.60,160.68,-1,-1,-1,-1
573,25,129.21,63.11,164.06,159.69,-1,-1,-1,-1
574,25,128.25,63.50,163.26,161.94,-1,-1,-1,-1
575,25,128.03,65.16,163.74,159.70,-1,-1,-1,-1
576,25,125.91,70.70,167.65,160.25,-1,-1,-1,-1
577,25,119.83,71.79,169.98,159.02,-1,-1,-1,-1
578,25,119.67,72.61,169.55,158.24,-1,-1,-1,-1
579,25,119.32,73.10,170.24,157.38,-1,-1,-1,-1
580,25,119.58,72.67,168.78,159.00,-1,-1,-1,-1
581,25,118.21,79.78,169.62,157.37,-1,-1,-1,-1
547,26,1196.88,-87.97,110.48,203.00,-1,-1,-1,-1
548,26,1205.45,-75.95,107.21,193.79,-1,-1,-1,-1
549,26,1197.96,-75.62,108.48,203.48,-1,-1,-1,-1
550,26,1204.16,-96.30,108.85,227.96,-1,-1,-1,-1
551,26,1205.98,-82.02,107.23,215.07,-1,-1,-1,-1
552,26,1207.23,-81.31,106.25,215.95,-1,-1,-1,-1
553,26,1210.47,-69.63,100.84,212.66,-1,-1,-1,-1
554,26,1216.24,-68.44,99.71,215.62,-1,-1,-1,-1
555,26,1220.45,-60.18,94.94,208.77,-1,-1,-1,-1
556,26,1221.46,-64.80,94.15,214.42,-1,-1,-1,-1
557,26,1227.79,-58.26,93.77,217.12,-1,-1,-1,-1
558,26,1230.07,-47.42,91.33,208.59,-1,-1,-1,-1
559,26,1229.63,-27.24,92.52,191.19,-1,-1,-1,-1
560,26,1230.71,-20.61,92.21,193.60,-1,-1,-1,-1
561,26,1236.62,-21.86,90.48,198.31,-1,-1,-1,-1
562,26,1237.62,-21.71,90.73,200.21,-1,-1,-1,-1
563,26,1238.46,-23.95,91.61,203.39,-1,-1,-1,-1
564,26,1239.51,-25.05,90.74,206.09,-1,-1,-1,-1
565,26,1240.60,-20.62,89.55,203.59,-1,-1,-1,-1
566,26,1245.05,-15.24,89.71,199.14,-1,-1,-1,-1
567,26,1246.11,-18.02,90.33,212.03,-1,-1,-1,-1
568,26,1243.79,-19.99,96.59,218.03,-1,-1,-1,-1
569,26,1243.47,-28.06,100.24,225.94,-1,-1,-1,-1
570,26,1242.30,-19.44,101.10,218.66,-1,-1,-1,-1
571,26,1243.08,-18.81,99.86,217.57,-1,-1,-1,-1
572,26,1242.16,-19.05,101.48,215.08,-1,-1,-1,-1
573,26,1242.14,-22.73,102.07,217.05,-1,-1,-1,-1
574,26,1242.48,-18.24,102.28,211.41,-1,-1,-1,-1
575,26,1245.40,-16.55,105.72,207.89,-1,-1,-1,-1
576,26,1246.11,-23.59,104.63,205.09,-1,-1,-1,-1
577,26,1246.68,-28.30,104.32,208.89,-1,-1,-1,-1
578,26,1246.44,-24.33,105.55,204.82,-1,-1,-1,-1
579,26,1246.75,-24.51,106.16,204.18,-1,-1,-1,-1
580,26,1246.89,-30.35,106.27,210.76,-1,-1,-1,-1
581,26,1248.86,-30.02,102.64,211.16,-1,-1,-1,-1
