1,1,1121,415,54,219,1,1,1
2,1,1119,414,56,221,1,1,1
3,1,1117,414,59,223,1,1,1
4,1,1115,413,62,225,1,1,1
5,1,1114,413,64,227,1,1,1
6,1,1112,413,67,228,1,1,1
7,1,1110,412,70,231,1,1,1
8,1,1109,412,72,232,1,1,1
9,1,1107,411,75,235,1,1,1
10,1,1105,411,78,236,1,1,1
11,1,1104,411,80,238,1,1,1
12,1,1104,411,80,238,1,1,1
13,1,1104,411,80,238,1,1,1
14,1,1104,411,80,238,1,1,1
15,1,1104,411,80,238,1,1,1
16,1,1104,411,81,238,1,1,1
17,1,1104,411,81,238,1,1,1
18,1,1104,411,81,238,1,1,1
19,1,1104,411,81,238,1,1,1
20,1,1104,411,81,238,1,1,1
21,1,1104,411,82,238,1,1,1
22,1,1107,410,82,238,1,1,1
23,1,1110,409,83,239,1,1,1
24,1,1113,409,83,238,1,1,1
25,1,1116,408,84,239,1,1,1
26,1,1120,408,84,238,1,1,1
27,1,1123,407,84,239,1,1,1
28,1,1126,406,85,239,1,1,1
29,1,1129,406,85,239,1,1,1
30,1,1132,405,86,239,1,1,1
31,1,1136,405,86,239,1,1,1
32,1,1137,402,85,237,1,1,1
33,1,1138,399,85,236,1,1,1
34,1,1139,396,84,234,1,1,1
35,1,1140,394,84,232,1,1,1
36,1,1141,391,84,230,1,1,1
37,1,1142,388,83,229,1,1,1
38,1,1143,386,83,226,1,1,1
39,1,1144,383,82,225,1,1,1
40,1,1145,380,82,223,1,1,1
41,1,1147,378,81,221,1,1,1
42,1,1145,377,82,222,1,1,1
43,1,1144,377,83,222,1,1,1
44,1,1143,376,83,223,1,1,1
45,1,1141,376,85,223,1,1,1
46,1,1140,375,86,224,1,1,1
47,1,1139,375,86,224,1,1,1
48,1,1137,374,88,225,1,1,1
49,1,1136,374,88,225,1,1,1
50,1,1135,373,89,226,1,1,1
51,1,1134,373,90,226,1,1,1
52,1,1133,373,89,226,1,1,1
53,1,1133,373,88,226,1,1,1
54,1,1133,373,87,226,1,1,1
55,1,1133,373,86,226,1,1,1
56,1,1133,374,85,225,1,1,1
57,1,1133,374,84,225,1,1,1
58,1,1133,374,83,225,1,1,1
59,1,1133,374,82,225,1,1,1
60,1,1133,374,81,225,1,1,1
61,1,1133,375,80,224,1,1,1
62,1,1130,375,80,225,1,1,1
63,1,1127,375,80,226,1,1,1
64,1,1124,375,80,227,1,1,1
65,1,1121,376,80,227,1,1,1
66,1,1119,376,80,228,1,1,1
67,1,1116,376,80,229,1,1,1
68,1,1113,377,80,229,1,1,1
69,1,1110,377,80,230,1,1,1
70,1,1107,377,80,231,1,1,1
71,1,1105,378,80,232,1,1,1
72,1,1103,374,80,232,1,1,1
73,1,1102,371,79,231,1,1,1
74,1,1100,367,79,231,1,1,1
75,1,1099,364,79,231,1,1,1
76,1,1097,361,79,230,1,1,1
77,1,1096,357,78,230,1,1,1
78,1,1094,354,79,230,1,1,1
79,1,1093,350,78,230,1,1,1
80,1,1091,347,78,229,1,1,1
81,1,1090,344,78,229,1,1,1
82,1,1090,343,78,229,1,1,1
83,1,1090,343,79,229,1,1,1
84,1,1091,343,79,229,1,1,1
85,1,1091,342,80,230,1,1,1
86,1,1092,342,80,230,1,1,1
87,1,1092,342,81,229,1,1,1
88,1,1092,341,82,230,1,1,1
89,1,1093,341,82,230,1,1,1
90,1,1093,341,83,230,1,1,1
91,1,1094,341,83,230,1,1,1
92,1,1097,343,84,230,1,1,1
93,1,1101,346,84,230,1,1,1
94,1,1104,348,85,230,1,1,1
95,1,1108,351,85,230,1,1,1
96,1,1112,354,85,229,1,1,1
97,1,1115,356,86,230,1,1,1
98,1,1119,359,86,229,1,1,1
99,1,1122,361,87,230,1,1,1
100,1,1126,364,87,229,1,1,1
101,1,1130,367,87,229,1,1,1
102,1,1133,366,87,230,1,1,1
103,1,1136,366,88,230,1,1,1
104,1,1139,366,89,230,1,1,1
105,1,1142,365,90,231,1,1,1
106,1,1146,365,90,231,1,1,1
107,1,1149,365,91,231,1,1,1
108,1,1152,364,92,232,1,1,1
109,1,1155,364,93,232,1,1,1
110,1,1158,364,94,232,1,1,1
111,1,1162,364,94,233,1,1,1
112,1,1163,363,93,234,1,1,1
113,1,1165,363,92,235,1,1,1
114,1,1166,362,92,237,1,1,1
115,1,1168,362,91,237,1,1,1
116,1,1170,362,90,238,1,1,1
117,1,1171,361,90,240,1,1,1
118,1,1173,361,89,240,1,1,1
119,1,1174,360,89,242,1,1,1
120,1,1176,360,88,243,1,1,1
121,1,1178,360,87,244,1,1,1
122,1,1175,359,86,244,1,1,1
123,1,1172,358,86,244,1,1,1
124,1,1169,357,86,244,1,1,1
125,1,1167,356,85,244,1,1,1
126,1,1164,355,85,245,1,1,1
127,1,1161,354,85,245,1,1,1
128,1,1159,353,84,245,1,1,1
129,1,1156,352,84,245,1,1,1
130,1,1153,351,84,245,1,1,1
131,1,1151,351,83,245,1,1,1
132,1,1149,349,82,245,1,1,1
133,1,1147,348,81,244,1,1,1
134,1,1145,347,80,244,1,1,1
135,1,1143,346,80,243,1,1,1
136,1,1142,345,78,243,1,1,1
137,1,1140,343,77,243,1,1,1
138,1,1138,342,77,242,1,1,1
139,1,1136,341,76,242,1,1,1
140,1,1134,340,75,241,1,1,1
141,1,1133,339,74,241,1,1,1
142,1,1134,337,74,242,1,1,1
143,1,1135,336,74,242,1,1,1
144,1,1136,334,74,243,1,1,1
145,1,1137,333,74,244,1,1,1
146,1,1139,332,73,244,1,1,1
147,1,1140,330,73,245,1,1,1
148,1,1141,329,73,246,1,1,1
149,1,1142,327,73,247,1,1,1
150,1,1143,326,73,247,1,1,1
151,1,1145,325,73,248,1,1,1
152,1,1145,324,74,247,1,1,1
153,1,1145,323,76,247,1,1,1
154,1,1145,322,78,246,1,1,1
155,1,1145,321,80,246,1,1,1
156,1,1145,320,82,246,1,1,1
157,1,1145,319,83,245,1,1,1
158,1,1145,318,85,245,1,1,1
159,1,1145,317,87,244,1,1,1
160,1,1145,316,89,244,1,1,1
161,1,1145,315,91,244,1,1,1
162,1,1146,314,91,245,1,1,1
163,1,1147,314,91,245,1,1,1
164,1,1148,313,92,246,1,1,1
165,1,1149,313,92,246,1,1,1
166,1,1150,313,93,247,1,1,1
167,1,1151,312,93,248,1,1,1
168,1,1152,312,93,248,1,1,1
169,1,1153,311,94,249,1,1,1
170,1,1154,311,94,249,1,1,1
171,1,1155,311,95,250,1,1,1
172,1,1158,312,95,250,1,1,1
173,1,1161,313,96,250,1,1,1
174,1,1164,314,97,250,1,1,1
175,1,1167,315,98,250,1,1,1
176,1,1170,316,99,251,1,1,1
177,1,1173,317,99,251,1,1,1
178,1,1176,318,100,251,1,1,1
179,1,1179,319,101,251,1,1,1
180,1,1182,320,102,251,1,1,1
181,1,1186,321,102,252,1,1,1
182,1,1193,321,102,253,1,1,1
183,1,1201,322,101,254,1,1,1
184,1,1208,322,101,256,1,1,1
185,1,1216,323,100,256,1,1,1
186,1,1224,324,99,257,1,1,1
187,1,1231,324,99,259,1,1,1
188,1,1239,325,98,259,1,1,1
189,1,1246,325,98,261,1,1,1
190,1,1254,326,97,262,1,1,1
191,1,1262,327,97,263,1,1,1
192,1,1262,328,97,263,1,1,1
193,1,1263,329,96,263,1,1,1
194,1,1264,330,95,263,1,1,1
195,1,1264,332,96,263,1,1,1
196,1,1265,333,95,263,1,1,1
197,1,1266,334,94,263,1,1,1
198,1,1266,336,95,263,1,1,1
199,1,1267,337,94,263,1,1,1
200,1,1268,338,93,263,1,1,1
201,1,1269,340,93,263,1,1,1
202,1,1264,339,93,262,1,1,1
203,1,1260,339,92,261,1,1,1
204,1,1256,339,91,260,1,1,1
205,1,1251,338,91,259,1,1,1
206,1,1247,338,90,258,1,1,1
207,1,1243,338,89,257,1,1,1
208,1,1238,337,89,256,1,1,1
209,1,1234,337,88,255,1,1,1
210,1,1230,337,87,254,1,1,1
211,1,1226,337,87,253,1,1,1
212,1,1218,337,87,253,1,1,1
213,1,1210,337,87,253,1,1,1
214,1,1202,337,87,254,1,1,1
215,1,1194,337,87,254,1,1,1
216,1,1186,337,87,255,1,1,1
217,1,1178,337,87,255,1,1,1
218,1,1170,337,87,255,1,1,1
219,1,1162,337,87,256,1,1,1
220,1,1154,337,87,256,1,1,1
221,1,1146,337,87,257,1,1,1
222,1,1145,336,84,257,1,1,1
223,1,1145,336,81,256,1,1,1
224,1,1144,336,79,256,1,1,1
225,1,1144,336,76,255,1,1,1
226,1,1143,336,74,255,1,1,1
227,1,1143,335,70,255,1,1,1
228,1,1142,335,68,254,1,1,1
229,1,1142,335,65,254,1,1,1
230,1,1141,335,63,253,1,1,1
231,1,1141,335,60,253,1,1,1
232,1,1142,334,62,252,1,1,1
233,1,1143,333,65,252,1,1,1
234,1,1144,332,67,251,1,1,1
235,1,1146,331,69,251,1,1,1
236,1,1147,331,71,249,1,1,1
237,1,1148,330,74,249,1,1,1
238,1,1150,329,75,248,1,1,1
239,1,1151,328,78,248,1,1,1
240,1,1152,327,80,247,1,1,1
241,1,1154,327,82,246,1,1,1
242,1,1156,325,82,247,1,1,1
243,1,1158,323,83,248,1,1,1
244,1,1160,322,84,248,1,1,1
245,1,1162,320,85,249,1,1,1
246,1,1164,319,86,250,1,1,1
247,1,1166,317,87,251,1,1,1
248,1,1168,315,88,252,1,1,1
249,1,1170,314,89,252,1,1,1
250,1,1172,312,90,253,1,1,1
251,1,1174,311,91,254,1,1,1
252,1,1179,313,90,254,1,1,1
253,1,1184,315,90,254,1,1,1
254,1,1189,317,90,255,1,1,1
255,1,1194,319,90,255,1,1,1
256,1,1199,321,90,256,1,1,1
257,1,1204,323,90,256,1,1,1
258,1,1209,325,90,256,1,1,1
259,1,1214,327,90,257,1,1,1
260,1,1219,329,90,257,1,1,1
261,1,1225,331,89,258,1,1,1
262,1,1233,333,87,258,1,1,1
263,1,1242,336,84,257,1,1,1
264,1,1251,339,82,256,1,1,1
265,1,1259,342,80,255,1,1,1
266,1,1268,345,78,254,1,1,1
267,1,1277,348,75,253,1,1,1
268,1,1285,351,73,252,1,1,1
269,1,1294,354,71,251,1,1,1
270,1,1303,357,68,250,1,1,1
271,1,1312,360,66,250,1,1,1
272,1,1313,361,68,252,1,1,1
273,1,1314,362,71,254,1,1,1
274,1,1315,363,74,256,1,1,1
275,1,1316,364,77,259,1,1,1
276,1,1317,365,80,261,1,1,1
277,1,1318,366,83,263,1,1,1
278,1,1319,367,86,266,1,1,1
279,1,1320,368,89,268,1,1,1
280,1,1321,369,92,270,1,1,1
281,1,1322,370,95,273,1,1,1
282,1,1323,370,96,273,1,1,1
283,1,1325,371,96,272,1,1,1
284,1,1327,371,96,272,1,1,1
285,1,1329,372,96,271,1,1,1
286,1,1331,372,97,272,1,1,1
287,1,1332,373,98,271,1,1,1
288,1,1334,373,98,271,1,1,1
289,1,1336,374,98,270,1,1,1
290,1,1338,374,98,270,1,1,1
291,1,1340,375,99,270,1,1,1
292,1,1342,374,99,273,1,1,1
293,1,1345,374,99,275,1,1,1
294,1,1347,374,99,277,1,1,1
295,1,1350,374,99,279,1,1,1
296,1,1353,374,98,281,1,1,1
297,1,1355,374,99,283,1,1,1
298,1,1358,374,98,285,1,1,1
299,1,1360,374,99,287,1,1,1
300,1,1363,374,98,289,1,1,1
301,1,1366,374,98,291,1,1,1
302,1,1368,374,99,287,1,1,1
303,1,1370,374,101,283,1,1,1
304,1,1373,374,102,279,1,1,1
305,1,1375,374,103,275,1,1,1
306,1,1378,374,104,271,1,1,1
307,1,1380,374,106,267,1,1,1
308,1,1382,374,107,263,1,1,1
309,1,1385,374,108,259,1,1,1
310,1,1387,374,110,255,1,1,1
311,1,1390,374,111,252,1,1,1
312,1,1389,373,113,253,1,1,1
313,1,1389,373,114,253,1,1,1
314,1,1388,373,116,253,1,1,1
315,1,1388,373,117,254,1,1,1
316,1,1388,373,118,254,1,1,1
317,1,1387,372,120,255,1,1,1
318,1,1387,372,121,256,1,1,1
319,1,1386,372,123,256,1,1,1
320,1,1386,372,124,256,1,1,1
321,1,1386,372,126,257,1,1,1
322,1,1382,372,123,257,1,1,1
323,1,1379,372,120,258,1,1,1
324,1,1376,372,116,258,1,1,1
325,1,1373,372,113,259,1,1,1
326,1,1370,373,109,258,1,1,1
327,1,1366,373,107,259,1,1,1
328,1,1363,373,103,259,1,1,1
329,1,1360,373,100,260,1,1,1
330,1,1357,373,96,260,1,1,1
331,1,1354,374,93,260,1,1,1
332,1,1349,374,93,260,1,1,1
333,1,1345,374,92,260,1,1,1
334,1,1340,374,92,260,1,1,1
335,1,1336,374,92,260,1,1,1
336,1,1331,374,92,261,1,1,1
337,1,1327,374,91,261,1,1,1
338,1,1322,374,92,261,1,1,1
339,1,1318,374,91,261,1,1,1
340,1,1313,374,91,261,1,1,1
341,1,1309,374,91,262,1,1,1
342,1,1307,373,91,261,1,1,1
343,1,1305,373,92,259,1,1,1
344,1,1303,373,92,257,1,1,1
345,1,1301,372,93,257,1,1,1
346,1,1300,372,93,255,1,1,1
347,1,1298,372,93,253,1,1,1
348,1,1296,371,94,253,1,1,1
349,1,1294,371,94,251,1,1,1
350,1,1292,371,95,249,1,1,1
351,1,1291,371,95,248,1,1,1
352,1,1290,371,94,246,1,1,1
353,1,1289,372,93,244,1,1,1
354,1,1288,372,93,243,1,1,1
355,1,1287,373,92,241,1,1,1
356,1,1287,373,91,240,1,1,1
357,1,1286,374,90,237,1,1,1
358,1,1285,374,89,236,1,1,1
359,1,1284,375,89,234,1,1,1
360,1,1283,375,88,233,1,1,1
361,1,1283,376,87,231,1,1,1
362,1,1285,375,86,232,1,1,1
363,1,1288,374,85,233,1,1,1
364,1,1290,373,84,234,1,1,1
365,1,1293,372,83,235,1,1,1
366,1,1295,372,82,235,1,1,1
367,1,1298,371,81,236,1,1,1
368,1,1300,370,80,237,1,1,1
369,1,1303,369,79,238,1,1,1
370,1,1305,368,78,239,1,1,1
371,1,1308,368,77,240,1,1,1
372,1,1305,367,80,239,1,1,1
373,1,1303,366,83,239,1,1,1
374,1,1301,365,85,239,1,1,1
375,1,1299,364,88,239,1,1,1
376,1,1297,364,90,238,1,1,1
377,1,1295,363,93,238,1,1,1
378,1,1293,362,95,238,1,1,1
379,1,1291,361,98,238,1,1,1
380,1,1289,360,100,238,1,1,1
381,1,1287,360,103,237,1,1,1
382,1,1285,358,101,239,1,1,1
383,1,1284,356,98,241,1,1,1
384,1,1283,355,96,242,1,1,1
385,1,1282,353,93,244,1,1,1
386,1,1281,352,91,246,1,1,1
387,1,1279,350,89,248,1,1,1
388,1,1278,348,86,250,1,1,1
389,1,1277,347,84,251,1,1,1
390,1,1276,345,81,253,1,1,1
391,1,1275,344,79,255,1,1,1
392,1,1275,344,80,253,1,1,1
393,1,1276,344,80,251,1,1,1
394,1,1277,344,80,249,1,1,1
395,1,1278,345,80,247,1,1,1
396,1,1279,345,81,245,1,1,1
397,1,1279,345,82,243,1,1,1
398,1,1280,346,82,241,1,1,1
399,1,1281,346,82,239,1,1,1
400,1,1282,346,82,237,1,1,1
401,1,1283,347,83,235,1,1,1
402,1,1281,346,85,238,1,1,1
403,1,1280,345,87,241,1,1,1
404,1,1279,344,89,244,1,1,1
405,1,1278,344,91,246,1,1,1
406,1,1277,343,93,249,1,1,1
407,1,1275,342,96,252,1,1,1
408,1,1274,342,98,254,1,1,1
409,1,1273,341,100,257,1,1,1
410,1,1272,340,102,260,1,1,1
411,1,1271,340,104,263,1,1,1
412,1,1268,340,104,265,1,1,1
413,1,1266,341,103,266,1,1,1
414,1,1264,341,102,268,1,1,1
415,1,1261,342,102,270,1,1,1
416,1,1259,343,101,271,1,1,1
417,1,1257,343,100,273,1,1,1
418,1,1254,344,100,275,1,1,1
419,1,1252,344,99,277,1,1,1
420,1,1250,345,98,278,1,1,1
421,1,1248,346,97,280,1,1,1
422,1,1246,347,97,278,1,1,1
423,1,1245,349,96,276,1,1,1
424,1,1243,350,97,275,1,1,1
425,1,1242,352,96,273,1,1,1
426,1,1241,354,96,271,1,1,1
427,1,1239,355,96,269,1,1,1
428,1,1238,357,95,267,1,1,1
429,1,1236,358,96,266,1,1,1
430,1,1235,360,95,264,1,1,1
431,1,1234,362,95,262,1,1,1
432,1,1228,361,95,262,1,1,1
433,1,1222,361,96,262,1,1,1
434,1,1216,361,97,261,1,1,1
435,1,1210,361,98,261,1,1,1
436,1,1204,361,99,261,1,1,1
437,1,1198,360,100,261,1,1,1
438,1,1192,360,101,261,1,1,1
439,1,1186,360,102,260,1,1,1
440,1,1180,360,103,260,1,1,1
441,1,1175,360,103,260,1,1,1
442,1,1169,358,104,262,1,1,1
443,1,1164,357,105,263,1,1,1
444,1,1159,356,105,264,1,1,1
445,1,1154,354,106,267,1,1,1
446,1,1149,353,107,268,1,1,1
447,1,1144,352,107,269,1,1,1
448,1,1139,350,108,272,1,1,1
449,1,1134,349,108,273,1,1,1
450,1,1129,348,109,274,1,1,1
451,1,1124,347,110,276,1,1,1
452,1,1122,345,109,277,1,1,1
453,1,1120,344,109,277,1,1,1
454,1,1118,342,109,278,1,1,1
455,1,1116,341,108,278,1,1,1
456,1,1115,340,107,279,1,1,1
457,1,1113,338,107,280,1,1,1
458,1,1111,337,106,280,1,1,1
459,1,1109,335,106,281,1,1,1
460,1,1107,334,106,281,1,1,1
461,1,1106,333,105,282,1,1,1
462,1,1103,333,105,281,1,1,1
463,1,1100,333,106,281,1,1,1
464,1,1097,333,107,280,1,1,1
465,1,1095,333,107,280,1,1,1
466,1,1092,333,108,279,1,1,1
467,1,1089,333,108,279,1,1,1
468,1,1087,333,108,278,1,1,1
469,1,1084,333,109,278,1,1,1
470,1,1081,333,110,277,1,1,1
471,1,1079,333,110,277,1,1,1
472,1,1080,333,110,280,1,1,1
473,1,1082,333,109,283,1,1,1
474,1,1083,334,109,285,1,1,1
475,1,1085,334,108,288,1,1,1
476,1,1087,335,107,291,1,1,1
477,1,1088,335,107,294,1,1,1
478,1,1090,335,106,297,1,1,1
479,1,1091,336,106,299,1,1,1
480,1,1093,336,105,302,1,1,1
481,1,1095,337,105,305,1,1,1
482,1,1095,336,104,306,1,1,1
483,1,1096,336,103,306,1,1,1
484,1,1096,336,103,306,1,1,1
485,1,1097,335,102,307,1,1,1
486,1,1098,335,101,307,1,1,1
487,1,1098,335,101,307,1,1,1
488,1,1099,334,100,308,1,1,1
489,1,1099,334,100,308,1,1,1
490,1,1100,334,99,308,1,1,1
491,1,1101,334,98,308,1,1,1
492,1,1099,331,97,307,1,1,1
493,1,1097,328,97,307,1,1,1
494,1,1095,326,97,305,1,1,1
495,1,1093,323,97,305,1,1,1
496,1,1091,321,97,304,1,1,1
497,1,1089,318,96,303,1,1,1
498,1,1087,315,96,303,1,1,1
499,1,1085,313,96,301,1,1,1
500,1,1083,310,96,301,1,1,1
501,1,1082,308,95,300,1,1,1
502,1,1078,307,95,300,1,1,1
503,1,1075,307,95,300,1,1,1
504,1,1072,307,95,299,1,1,1
505,1,1068,307,96,299,1,1,1
506,1,1065,307,96,298,1,1,1
507,1,1062,307,96,298,1,1,1
508,1,1058,307,97,297,1,1,1
509,1,1055,307,97,297,1,1,1
510,1,1052,307,97,296,1,1,1
511,1,1049,307,97,296,1,1,1
512,1,1045,307,98,297,1,1,1
513,1,1042,307,99,298,1,1,1
514,1,1039,307,99,299,1,1,1
515,1,1036,307,100,300,1,1,1
516,1,1033,308,100,300,1,1,1
517,1,1030,308,101,301,1,1,1
518,1,1027,308,101,302,1,1,1
519,1,1024,308,102,303,1,1,1
520,1,1021,308,102,304,1,1,1
521,1,1018,309,103,305,1,1,1
522,1,1012,309,104,305,1,1,1
523,1,1006,309,106,306,1,1,1
524,1,1000,309,108,307,1,1,1
525,1,994,309,109,308,1,1,1
526,1,988,310,111,308,1,1,1
527,1,982,310,113,308,1,1,1
528,1,976,310,114,309,1,1,1
529,1,970,310,116,310,1,1,1
530,1,964,310,118,311,1,1,1
531,1,959,311,119,311,1,1,1
532,1,957,311,118,312,1,1,1
533,1,956,311,116,313,1,1,1
534,1,955,311,114,314,1,1,1
535,1,954,312,112,314,1,1,1
536,1,953,312,110,315,1,1,1
537,1,951,312,109,316,1,1,1
538,1,950,313,107,316,1,1,1
539,1,949,313,105,317,1,1,1
540,1,948,313,103,318,1,1,1
541,1,947,314,102,319,1,1,1
542,1,945,314,103,320,1,1,1
543,1,943,315,104,321,1,1,1
544,1,941,316,105,322,1,1,1
545,1,939,317,107,322,1,1,1
546,1,937,318,108,323,1,1,1
547,1,935,319,109,324,1,1,1
548,1,933,320,111,324,1,1,1
549,1,931,321,112,325,1,1,1
550,1,929,322,113,326,1,1,1
551,1,928,323,114,327,1,1,1
552,1,922,324,113,327,1,1,1
553,1,917,325,111,328,1,1,1
554,1,912,326,109,329,1,1,1
555,1,906,327,108,329,1,1,1
556,1,901,328,106,330,1,1,1
557,1,896,329,104,331,1,1,1
558,1,890,330,103,331,1,1,1
559,1,885,331,101,332,1,1,1
560,1,880,332,99,333,1,1,1
561,1,875,334,98,333,1,1,1
562,1,866,334,101,330,1,1,1
563,1,858,334,103,328,1,1,1
564,1,850,334,105,326,1,1,1
565,1,841,335,108,323,1,1,1
566,1,833,335,110,321,1,1,1
567,1,825,335,112,319,1,1,1
568,1,816,336,115,316,1,1,1
569,1,808,336,117,314,1,1,1
570,1,800,336,119,312,1,1,1
571,1,792,337,121,309,1,1,1
572,1,780,335,119,311,1,1,1
573,1,768,333,118,313,1,1,1
574,1,756,331,117,315,1,1,1
575,1,744,329,116,317,1,1,1
576,1,732,328,115,319,1,1,1
577,1,720,326,114,321,1,1,1
578,1,708,324,113,323,1,1,1
579,1,696,322,112,325,1,1,1
580,1,684,320,111,327,1,1,1
581,1,673,319,109,329,1,1,1
582,1,664,321,111,329,1,1,1
583,1,656,324,112,329,1,1,1
584,1,648,326,113,330,1,1,1
585,1,640,329,114,329,1,1,1
586,1,632,332,115,329,1,1,1
587,1,624,334,116,330,1,1,1
588,1,616,337,117,329,1,1,1
589,1,608,339,118,330,1,1,1
590,1,600,342,119,330,1,1,1
591,1,592,345,121,330,1,1,1
592,1,588,345,119,330,1,1,1
593,1,584,346,118,329,1,1,1
594,1,580,346,117,329,1,1,1
595,1,576,347,115,328,1,1,1
596,1,573,347,113,328,1,1,1
597,1,569,348,112,327,1,1,1
598,1,565,348,110,327,1,1,1
599,1,561,349,109,326,1,1,1
600,1,557,349,108,326,1,1,1
601,1,554,350,106,325,1,1,1
602,1,548,350,111,325,1,1,1
603,1,542,350,116,325,1,1,1
604,1,536,350,121,325,1,1,1
605,1,531,350,126,326,1,1,1
606,1,525,351,131,325,1,1,1
607,1,519,351,136,325,1,1,1
608,1,514,351,141,326,1,1,1
609,1,508,351,146,326,1,1,1
610,1,502,351,151,326,1,1,1
611,1,497,352,156,326,1,1,1
612,1,494,351,153,326,1,1,1
613,1,491,350,151,327,1,1,1
614,1,488,349,149,327,1,1,1
615,1,485,348,147,328,1,1,1
616,1,482,347,145,328,1,1,1
617,1,479,346,142,329,1,1,1
618,1,476,345,140,329,1,1,1
619,1,473,344,138,330,1,1,1
620,1,470,343,136,330,1,1,1
621,1,468,342,133,331,1,1,1
622,1,467,341,131,331,1,1,1
623,1,466,341,130,331,1,1,1
624,1,465,341,129,330,1,1,1
625,1,464,340,128,331,1,1,1
626,1,463,340,127,331,1,1,1
627,1,462,340,125,330,1,1,1
628,1,461,339,124,331,1,1,1
629,1,460,339,123,330,1,1,1
630,1,459,339,122,330,1,1,1
631,1,458,339,121,330,1,1,1
632,1,460,338,121,328,1,1,1
633,1,463,337,120,327,1,1,1
634,1,466,337,119,325,1,1,1
635,1,468,336,120,323,1,1,1
636,1,471,336,119,321,1,1,1
637,1,474,335,118,320,1,1,1
638,1,476,334,119,318,1,1,1
639,1,479,334,118,316,1,1,1
640,1,482,333,117,315,1,1,1
641,1,485,333,117,313,1,1,1
642,1,485,331,117,313,1,1,1
643,1,486,330,117,312,1,1,1
644,1,487,328,116,312,1,1,1
645,1,488,327,116,312,1,1,1
646,1,489,326,116,311,1,1,1
647,1,489,324,116,311,1,1,1
648,1,490,323,116,311,1,1,1
649,1,491,321,115,311,1,1,1
650,1,492,320,115,310,1,1,1
651,1,493,319,115,310,1,1,1
652,1,494,318,114,311,1,1,1
653,1,495,318,113,311,1,1,1
654,1,496,317,112,312,1,1,1
655,1,498,317,111,312,1,1,1
656,1,499,316,110,313,1,1,1
657,1,500,316,109,313,1,1,1
658,1,502,315,108,314,1,1,1
659,1,503,315,107,314,1,1,1
660,1,504,314,106,315,1,1,1
661,1,506,314,105,315,1,1,1
662,1,499,313,107,315,1,1,1
663,1,493,313,108,315,1,1,1
664,1,487,312,110,316,1,1,1
665,1,481,312,111,316,1,1,1
666,1,475,312,113,316,1,1,1
667,1,468,311,115,316,1,1,1
668,1,462,311,116,316,1,1,1
669,1,456,310,118,317,1,1,1
670,1,450,310,119,317,1,1,1
671,1,444,310,121,317,1,1,1
672,1,443,310,119,315,1,1,1
673,1,442,310,117,314,1,1,1
674,1,441,310,115,313,1,1,1
675,1,441,311,112,311,1,1,1
676,1,440,311,110,310,1,1,1
677,1,439,311,108,308,1,1,1
678,1,439,312,105,306,1,1,1
679,1,438,312,103,305,1,1,1
680,1,437,312,101,304,1,1,1
681,1,437,313,98,302,1,1,1
682,1,435,313,98,304,1,1,1
683,1,433,314,99,305,1,1,1
684,1,431,315,100,306,1,1,1
685,1,429,316,100,307,1,1,1
686,1,427,317,101,308,1,1,1
687,1,425,317,102,310,1,1,1
688,1,423,318,102,311,1,1,1
689,1,421,319,103,312,1,1,1
690,1,419,320,104,313,1,1,1
691,1,417,321,105,314,1,1,1
692,1,414,321,105,315,1,1,1
693,1,411,321,106,316,1,1,1
694,1,408,322,107,316,1,1,1
695,1,406,322,107,317,1,1,1
696,1,403,323,108,318,1,1,1
697,1,400,323,108,319,1,1,1
698,1,398,323,108,320,1,1,1
699,1,395,324,109,320,1,1,1
700,1,392,324,110,321,1,1,1
701,1,390,325,110,322,1,1,1
702,1,394,325,110,321,1,1,1
703,1,398,326,111,320,1,1,1
704,1,402,326,111,320,1,1,1
705,1,407,327,111,318,1,1,1
706,1,411,328,111,317,1,1,1
707,1,415,328,112,317,1,1,1
708,1,420,329,111,315,1,1,1
709,1,424,329,112,315,1,1,1
710,1,428,330,112,314,1,1,1
711,1,433,331,112,313,1,1,1
712,1,439,330,114,314,1,1,1
713,1,446,329,115,316,1,1,1
714,1,453,328,117,318,1,1,1
715,1,459,327,119,320,1,1,1
716,1,466,327,121,321,1,1,1
717,1,473,326,122,322,1,1,1
718,1,479,325,124,324,1,1,1
719,1,486,324,126,326,1,1,1
720,1,493,323,127,328,1,1,1
721,1,500,323,129,329,1,1,1
722,1,516,323,126,327,1,1,1
723,1,533,323,123,326,1,1,1
724,1,550,323,119,325,1,1,1
725,1,567,323,116,324,1,1,1
726,1,584,323,112,323,1,1,1
727,1,601,323,109,321,1,1,1
728,1,618,323,105,320,1,1,1
729,1,635,323,102,319,1,1,1
730,1,652,323,98,318,1,1,1
731,1,669,323,95,317,1,1,1
732,1,677,322,95,316,1,1,1
733,1,685,321,96,316,1,1,1
734,1,693,320,96,316,1,1,1
735,1,701,320,97,315,1,1,1
736,1,709,319,97,315,1,1,1
737,1,717,318,98,314,1,1,1
738,1,725,318,98,313,1,1,1
739,1,733,317,99,313,1,1,1
740,1,741,316,99,313,1,1,1
741,1,749,316,100,312,1,1,1
742,1,754,315,102,313,1,1,1
743,1,759,314,104,315,1,1,1
744,1,764,313,106,316,1,1,1
745,1,769,312,109,318,1,1,1
746,1,774,311,111,320,1,1,1
747,1,779,310,113,321,1,1,1
748,1,784,309,116,323,1,1,1
749,1,789,308,118,324,1,1,1
750,1,794,307,120,326,1,1,1
751,1,799,307,123,327,1,1,1
752,1,809,306,120,325,1,1,1
753,1,820,306,117,323,1,1,1
754,1,830,306,115,321,1,1,1
755,1,841,305,112,320,1,1,1
756,1,852,305,109,318,1,1,1
757,1,862,305,106,315,1,1,1
758,1,873,304,103,314,1,1,1
759,1,883,304,101,312,1,1,1
760,1,894,304,98,310,1,1,1
761,1,905,304,95,308,1,1,1
762,1,911,303,98,310,1,1,1
763,1,917,303,101,311,1,1,1
764,1,923,303,104,312,1,1,1
765,1,929,302,107,314,1,1,1
766,1,935,302,110,316,1,1,1
767,1,941,302,113,317,1,1,1
768,1,947,301,116,319,1,1,1
769,1,953,301,119,320,1,1,1
770,1,959,301,122,321,1,1,1
771,1,965,301,125,323,1,1,1
772,1,970,301,123,322,1,1,1
773,1,976,301,120,322,1,1,1
774,1,981,301,118,322,1,1,1
775,1,987,301,116,322,1,1,1
776,1,992,301,114,322,1,1,1
777,1,998,301,111,322,1,1,1
778,1,1003,301,110,322,1,1,1
779,1,1009,301,107,322,1,1,1
780,1,1014,301,105,322,1,1,1
781,1,1020,302,103,321,1,1,1
782,1,1019,301,104,321,1,1,1
783,1,1019,300,104,322,1,1,1
784,1,1019,299,104,322,1,1,1
785,1,1019,298,104,323,1,1,1
786,1,1019,297,105,324,1,1,1
787,1,1018,296,106,324,1,1,1
788,1,1018,295,106,325,1,1,1
789,1,1018,294,106,325,1,1,1
790,1,1018,293,106,326,1,1,1
791,1,1018,293,107,326,1,1,1
792,1,1015,293,106,323,1,1,1
793,1,1013,293,104,320,1,1,1
794,1,1010,293,104,317,1,1,1
795,1,1008,293,102,314,1,1,1
796,1,1005,293,102,312,1,1,1
797,1,1003,293,100,309,1,1,1
798,1,1000,293,99,306,1,1,1
799,1,998,293,98,303,1,1,1
800,1,995,293,97,300,1,1,1
1,3,962,407,82,239,1,1,1
2,3,963,406,83,239,1,1,1
3,3,965,406,83,238,1,1,1
4,3,966,406,85,238,1,1,1
5,3,968,405,85,238,1,1,1
6,3,969,405,87,238,1,1,1
7,3,971,405,87,237,1,1,1
8,3,972,404,88,237,1,1,1
9,3,974,404,89,237,1,1,1
10,3,975,404,90,236,1,1,1
11,3,977,404,91,236,1,1,1
12,3,979,403,90,236,1,1,1
13,3,981,403,89,236,1,1,1
14,3,983,403,89,236,1,1,1
15,3,985,403,88,236,1,1,1
16,3,987,403,88,236,1,1,1
17,3,989,403,87,236,1,1,1
18,3,991,403,86,236,1,1,1
19,3,993,403,86,236,1,1,1
20,3,995,403,85,236,1,1,1
21,3,998,403,84,236,1,1,1
22,3,1002,402,84,236,1,1,1
23,3,1006,401,85,237,1,1,1
24,3,1010,401,86,237,1,1,1
25,3,1015,400,85,238,1,1,1
26,3,1019,400,86,238,1,1,1
27,3,1023,399,87,239,1,1,1
28,3,1028,398,86,240,1,1,1
29,3,1032,398,87,240,1,1,1
30,3,1036,397,88,241,1,1,1
31,3,1041,397,88,241,1,1,1
32,3,1042,394,89,241,1,1,1
33,3,1043,391,90,242,1,1,1
34,3,1044,388,91,242,1,1,1
35,3,1045,385,92,243,1,1,1
36,3,1047,382,92,243,1,1,1
37,3,1048,379,93,244,1,1,1
38,3,1049,376,94,244,1,1,1
39,3,1050,373,95,245,1,1,1
40,3,1051,370,96,245,1,1,1
41,3,1053,367,97,246,1,1,1
42,3,1052,366,97,246,1,1,1
43,3,1052,366,97,246,1,1,1
44,3,1052,366,97,245,1,1,1
45,3,1051,366,97,245,1,1,1
46,3,1051,366,97,244,1,1,1
47,3,1051,365,97,245,1,1,1
48,3,1050,365,97,244,1,1,1
49,3,1050,365,97,244,1,1,1
50,3,1050,365,97,243,1,1,1
51,3,1050,365,97,243,1,1,1
52,3,1047,365,97,243,1,1,1
53,3,1045,365,96,243,1,1,1
54,3,1043,365,95,244,1,1,1
55,3,1041,365,94,244,1,1,1
56,3,1039,365,93,245,1,1,1
57,3,1037,365,92,245,1,1,1
58,3,1035,365,91,245,1,1,1
59,3,1033,365,90,246,1,1,1
60,3,1031,365,89,246,1,1,1
61,3,1029,365,88,247,1,1,1
62,3,1024,365,88,246,1,1,1
63,3,1019,366,88,244,1,1,1
64,3,1014,367,88,243,1,1,1
65,3,1009,367,88,242,1,1,1
66,3,1004,368,89,241,1,1,1
67,3,999,369,89,239,1,1,1
68,3,994,369,89,238,1,1,1
69,3,989,370,89,237,1,1,1
70,3,984,371,89,235,1,1,1
71,3,979,372,90,234,1,1,1
72,3,975,368,89,235,1,1,1
73,3,971,364,89,236,1,1,1
74,3,967,361,89,236,1,1,1
75,3,963,357,89,237,1,1,1
76,3,959,354,89,237,1,1,1
77,3,955,350,88,238,1,1,1
78,3,951,346,88,239,1,1,1
79,3,947,343,88,239,1,1,1
80,3,943,339,88,240,1,1,1
81,3,940,336,87,241,1,1,1
82,3,938,335,87,242,1,1,1
83,3,936,334,87,243,1,1,1
84,3,934,333,87,244,1,1,1
85,3,933,333,87,244,1,1,1
86,3,931,332,87,245,1,1,1
87,3,929,331,87,246,1,1,1
88,3,928,331,87,246,1,1,1
89,3,926,330,87,247,1,1,1
90,3,924,329,87,248,1,1,1
91,3,923,329,87,248,1,1,1
92,3,922,331,89,248,1,1,1
93,3,921,334,92,247,1,1,1
94,3,920,336,94,247,1,1,1
95,3,920,339,96,246,1,1,1
96,3,919,342,98,245,1,1,1
97,3,918,344,101,245,1,1,1
98,3,918,347,102,244,1,1,1
99,3,917,349,105,244,1,1,1
100,3,916,352,107,243,1,1,1
101,3,916,355,109,242,1,1,1
102,3,918,355,109,242,1,1,1
103,3,920,355,109,243,1,1,1
104,3,922,355,109,243,1,1,1
105,3,924,356,110,243,1,1,1
106,3,927,356,109,244,1,1,1
107,3,929,356,109,244,1,1,1
108,3,931,357,110,244,1,1,1
109,3,933,357,110,244,1,1,1
110,3,935,357,110,245,1,1,1
111,3,938,358,110,245,1,1,1
112,3,939,357,108,244,1,1,1
113,3,940,356,107,244,1,1,1
114,3,941,355,106,244,1,1,1
115,3,942,354,105,244,1,1,1
116,3,943,354,104,243,1,1,1
117,3,944,353,103,243,1,1,1
118,3,945,352,102,243,1,1,1
119,3,946,351,101,243,1,1,1
120,3,947,350,100,243,1,1,1
121,3,949,350,98,242,1,1,1
122,3,944,350,98,242,1,1,1
123,3,939,350,99,243,1,1,1
124,3,934,350,100,244,1,1,1
125,3,930,350,99,245,1,1,1
126,3,925,350,100,246,1,1,1
127,3,920,350,101,246,1,1,1
128,3,916,350,100,247,1,1,1
129,3,911,350,101,248,1,1,1
130,3,906,350,102,249,1,1,1
131,3,902,350,102,250,1,1,1
132,3,896,349,103,250,1,1,1
133,3,891,348,104,251,1,1,1
134,3,885,347,105,252,1,1,1
135,3,880,346,106,253,1,1,1
136,3,875,346,106,253,1,1,1
137,3,869,345,108,254,1,1,1
138,3,864,344,108,255,1,1,1
139,3,858,343,110,256,1,1,1
140,3,853,342,110,257,1,1,1
141,3,848,342,111,257,1,1,1
142,3,845,340,110,256,1,1,1
143,3,842,339,110,255,1,1,1
144,3,839,338,110,253,1,1,1
145,3,836,337,109,252,1,1,1
146,3,834,336,108,251,1,1,1
147,3,831,334,108,250,1,1,1
148,3,828,333,107,249,1,1,1
149,3,825,332,107,247,1,1,1
150,3,822,331,107,246,1,1,1
151,3,820,330,106,245,1,1,1
152,3,817,328,106,246,1,1,1
153,3,814,327,107,247,1,1,1
154,3,811,326,108,248,1,1,1
155,3,808,325,109,248,1,1,1
156,3,805,324,110,249,1,1,1
157,3,802,322,110,251,1,1,1
158,3,799,321,111,251,1,1,1
159,3,796,320,112,252,1,1,1
160,3,793,319,113,253,1,1,1
161,3,790,318,114,254,1,1,1
162,3,790,318,113,254,1,1,1
163,3,791,318,112,254,1,1,1
164,3,791,318,112,254,1,1,1
165,3,792,318,110,254,1,1,1
166,3,792,318,110,254,1,1,1
167,3,793,318,109,254,1,1,1
168,3,793,318,108,254,1,1,1
169,3,794,318,107,254,1,1,1
170,3,794,318,107,254,1,1,1
171,3,795,318,106,255,1,1,1
172,3,798,318,105,256,1,1,1
173,3,801,318,105,257,1,1,1
174,3,805,319,104,257,1,1,1
175,3,808,319,103,259,1,1,1
176,3,812,320,102,259,1,1,1
177,3,815,320,102,260,1,1,1
178,3,818,320,101,262,1,1,1
179,3,822,321,100,262,1,1,1
180,3,825,321,100,263,1,1,1
181,3,829,322,99,264,1,1,1
182,3,836,322,99,264,1,1,1
183,3,844,323,98,263,1,1,1
184,3,852,323,98,263,1,1,1
185,3,860,324,97,262,1,1,1
186,3,868,325,97,261,1,1,1
187,3,875,325,97,261,1,1,1
188,3,883,326,96,260,1,1,1
189,3,891,326,96,260,1,1,1
190,3,899,327,95,259,1,1,1
191,3,907,328,95,259,1,1,1
192,3,906,329,96,259,1,1,1
193,3,906,330,96,260,1,1,1
194,3,906,332,96,259,1,1,1
195,3,906,333,96,260,1,1,1
196,3,906,335,96,260,1,1,1
197,3,905,336,97,260,1,1,1
198,3,905,337,97,261,1,1,1
199,3,905,339,97,260,1,1,1
200,3,905,340,97,261,1,1,1
201,3,905,342,97,261,1,1,1
202,3,899,341,97,260,1,1,1
203,3,893,341,97,259,1,1,1
204,3,887,341,97,257,1,1,1
205,3,882,340,96,257,1,1,1
206,3,876,340,96,255,1,1,1
207,3,870,340,96,254,1,1,1
208,3,865,339,95,253,1,1,1
209,3,859,339,95,252,1,1,1
210,3,853,339,95,250,1,1,1
211,3,848,339,95,249,1,1,1
212,3,838,339,95,248,1,1,1
213,3,829,340,95,247,1,1,1
214,3,819,340,95,247,1,1,1
215,3,810,341,95,246,1,1,1
216,3,800,342,95,245,1,1,1
217,3,791,342,95,244,1,1,1
218,3,781,343,95,243,1,1,1
219,3,772,343,95,243,1,1,1
220,3,762,344,95,242,1,1,1
221,3,753,345,95,241,1,1,1
222,3,747,344,96,241,1,1,1
223,3,742,344,97,240,1,1,1
224,3,737,343,98,241,1,1,1
225,3,732,343,99,240,1,1,1
226,3,727,343,100,240,1,1,1
227,3,722,342,100,240,1,1,1
228,3,717,342,101,239,1,1,1
229,3,712,341,102,240,1,1,1
230,3,707,341,103,239,1,1,1
231,3,702,341,104,239,1,1,1
232,3,700,340,102,240,1,1,1
233,3,698,340,101,241,1,1,1
234,3,697,339,98,242,1,1,1
235,3,695,339,97,243,1,1,1
236,3,694,339,95,243,1,1,1
237,3,692,338,93,245,1,1,1
238,3,690,338,92,245,1,1,1
239,3,689,337,89,247,1,1,1
240,3,687,337,88,247,1,1,1
241,3,686,337,86,248,1,1,1
242,3,686,337,85,248,1,1,1
243,3,686,338,85,248,1,1,1
244,3,686,339,85,248,1,1,1
245,3,686,340,85,248,1,1,1
246,3,686,341,85,247,1,1,1
247,3,686,342,85,247,1,1,1
248,3,686,343,85,247,1,1,1
249,3,686,344,85,247,1,1,1
250,3,686,345,85,246,1,1,1
251,3,686,346,85,246,1,1,1
252,3,686,347,85,246,1,1,1
253,3,686,348,85,246,1,1,1
254,3,686,349,85,245,1,1,1
255,3,686,350,85,245,1,1,1
256,3,687,351,84,245,1,1,1
257,3,687,351,83,246,1,1,1
258,3,687,352,83,246,1,1,1
259,3,687,353,83,245,1,1,1
260,3,687,354,83,245,1,1,1
261,3,687,355,83,245,1,1,1
262,3,687,356,83,245,1,1,1
263,3,687,357,83,244,1,1,1
264,3,687,358,83,244,1,1,1
265,3,687,359,83,244,1,1,1
266,3,687,360,83,244,1,1,1
267,3,687,361,83,243,1,1,1
268,3,687,362,83,243,1,1,1
269,3,687,363,83,243,1,1,1
270,3,687,364,83,243,1,1,1
271,3,688,365,82,243,1,1,1
272,3,685,367,83,242,1,1,1
273,3,683,369,84,242,1,1,1
274,3,680,371,86,241,1,1,1
275,3,678,374,87,240,1,1,1
276,3,675,376,89,239,1,1,1
277,3,673,378,89,239,1,1,1
278,3,670,381,91,237,1,1,1
279,3,668,383,92,237,1,1,1
280,3,665,385,94,236,1,1,1
281,3,663,388,95,235,1,1,1
282,3,662,387,93,235,1,1,1
283,3,661,387,92,235,1,1,1
284,3,660,386,91,235,1,1,1
285,3,659,386,89,235,1,1,1
286,3,658,386,88,235,1,1,1
287,3,657,385,87,235,1,1,1
288,3,656,385,85,235,1,1,1
289,3,655,384,84,235,1,1,1
290,3,654,384,83,235,1,1,1
291,3,653,384,82,235,1,1,1
292,3,651,383,83,236,1,1,1
293,3,649,382,85,237,1,1,1
294,3,647,381,86,238,1,1,1
295,3,645,380,88,239,1,1,1
296,3,643,380,90,239,1,1,1
297,3,641,379,91,240,1,1,1
298,3,639,378,93,241,1,1,1
299,3,637,377,94,242,1,1,1
300,3,635,376,96,243,1,1,1
301,3,633,376,98,244,1,1,1
302,3,630,375,99,244,1,1,1
303,3,628,375,100,244,1,1,1
304,3,626,375,100,243,1,1,1
305,3,624,375,101,243,1,1,1
306,3,622,375,101,242,1,1,1
307,3,619,375,103,242,1,1,1
308,3,617,375,103,241,1,1,1
309,3,615,375,104,241,1,1,1
310,3,613,375,104,240,1,1,1
311,3,611,375,105,240,1,1,1
312,3,608,374,105,240,1,1,1
313,3,606,373,105,241,1,1,1
314,3,603,372,106,242,1,1,1
315,3,601,372,106,242,1,1,1
316,3,599,371,106,243,1,1,1
317,3,596,370,106,243,1,1,1
318,3,594,370,106,243,1,1,1
319,3,591,369,107,244,1,1,1
320,3,589,368,107,245,1,1,1
321,3,587,368,107,245,1,1,1
322,3,582,368,106,245,1,1,1
323,3,577,368,106,245,1,1,1
324,3,572,368,106,246,1,1,1
325,3,567,368,106,246,1,1,1
326,3,562,368,106,247,1,1,1
327,3,557,368,106,247,1,1,1
328,3,552,368,106,247,1,1,1
329,3,547,368,106,248,1,1,1
330,3,542,368,106,248,1,1,1
331,3,537,368,106,249,1,1,1
332,3,532,368,106,250,1,1,1
333,3,528,368,106,251,1,1,1
334,3,523,368,106,252,1,1,1
335,3,519,369,106,252,1,1,1
336,3,514,369,106,254,1,1,1
337,3,510,369,106,255,1,1,1
338,3,505,370,106,255,1,1,1
339,3,501,370,106,256,1,1,1
340,3,496,370,106,257,1,1,1
341,3,492,371,106,258,1,1,1
342,3,488,370,108,259,1,1,1
343,3,484,369,110,260,1,1,1
344,3,480,368,112,261,1,1,1
345,3,476,368,114,261,1,1,1
346,3,473,367,115,262,1,1,1
347,3,469,366,117,263,1,1,1
348,3,465,366,119,263,1,1,1
349,3,461,365,121,264,1,1,1
350,3,457,364,123,265,1,1,1
351,3,454,364,125,265,1,1,1
352,3,451,363,124,267,1,1,1
353,3,449,363,123,269,1,1,1
354,3,447,362,122,271,1,1,1
355,3,444,362,122,273,1,1,1
356,3,442,361,121,275,1,1,1
357,3,440,361,119,277,1,1,1
358,3,437,360,119,279,1,1,1
359,3,435,360,118,281,1,1,1
360,3,433,359,117,283,1,1,1
361,3,431,359,116,285,1,1,1
362,3,430,358,117,285,1,1,1
363,3,429,358,119,284,1,1,1
364,3,428,358,121,283,1,1,1
365,3,427,357,122,283,1,1,1
366,3,426,357,124,283,1,1,1
367,3,425,357,126,282,1,1,1
368,3,424,356,127,282,1,1,1
369,3,423,356,129,281,1,1,1
370,3,422,356,131,280,1,1,1
371,3,421,356,133,280,1,1,1
372,3,421,355,132,280,1,1,1
373,3,422,355,131,279,1,1,1
374,3,423,354,129,279,1,1,1
375,3,424,354,128,278,1,1,1
376,3,425,354,127,277,1,1,1
377,3,425,353,126,277,1,1,1
378,3,426,353,125,276,1,1,1
379,3,427,352,123,276,1,1,1
380,3,428,352,122,275,1,1,1
381,3,429,352,121,274,1,1,1
382,3,426,350,123,275,1,1,1
383,3,424,349,124,275,1,1,1
384,3,422,348,125,275,1,1,1
385,3,420,346,126,276,1,1,1
386,3,418,345,127,276,1,1,1
387,3,415,344,129,276,1,1,1
388,3,413,342,130,277,1,1,1
389,3,411,341,131,277,1,1,1
390,3,409,340,132,277,1,1,1
391,3,407,339,133,277,1,1,1
392,3,409,338,131,277,1,1,1
393,3,412,337,129,278,1,1,1
394,3,414,336,128,279,1,1,1
395,3,417,335,126,280,1,1,1
396,3,419,334,125,281,1,1,1
397,3,422,333,123,281,1,1,1
398,3,424,332,122,282,1,1,1
399,3,427,331,120,283,1,1,1
400,3,429,330,119,284,1,1,1
401,3,432,330,117,284,1,1,1
402,3,433,329,116,285,1,1,1
403,3,435,329,114,286,1,1,1
404,3,436,329,113,286,1,1,1
405,3,438,329,111,287,1,1,1
406,3,439,329,110,287,1,1,1
407,3,441,329,108,288,1,1,1
408,3,442,329,107,288,1,1,1
409,3,444,329,105,289,1,1,1
410,3,445,329,104,289,1,1,1
411,3,447,329,103,290,1,1,1
412,3,446,329,102,291,1,1,1
413,3,445,330,101,292,1,1,1
414,3,445,331,100,293,1,1,1
415,3,444,331,99,295,1,1,1
416,3,444,332,98,296,1,1,1
417,3,443,333,97,296,1,1,1
418,3,442,333,96,298,1,1,1
419,3,442,334,95,299,1,1,1
420,3,441,335,94,300,1,1,1
421,3,441,336,93,301,1,1,1
422,3,441,338,93,299,1,1,1
423,3,441,340,93,298,1,1,1
424,3,441,342,93,296,1,1,1
425,3,441,345,93,294,1,1,1
426,3,442,347,92,293,1,1,1
427,3,442,349,92,291,1,1,1
428,3,442,352,92,289,1,1,1
429,3,442,354,92,287,1,1,1
430,3,442,356,92,286,1,1,1
431,3,443,359,91,284,1,1,1
432,3,441,358,91,284,1,1,1
433,3,439,358,92,284,1,1,1
434,3,437,357,92,284,1,1,1
435,3,435,357,93,284,1,1,1
436,3,433,356,94,284,1,1,1
437,3,431,356,94,284,1,1,1
438,3,429,355,95,284,1,1,1
439,3,427,355,95,284,1,1,1
440,3,425,354,96,284,1,1,1
441,3,423,354,97,284,1,1,1
442,3,420,353,96,284,1,1,1
443,3,417,352,96,284,1,1,1
444,3,414,352,96,283,1,1,1
445,3,411,351,96,283,1,1,1
446,3,408,351,96,283,1,1,1
447,3,405,350,96,283,1,1,1
448,3,402,349,96,283,1,1,1
449,3,399,349,96,282,1,1,1
450,3,396,348,96,282,1,1,1
451,3,394,348,95,282,1,1,1
452,3,397,347,95,282,1,1,1
453,3,400,346,95,283,1,1,1
454,3,403,345,96,283,1,1,1
455,3,406,345,96,283,1,1,1
456,3,409,344,97,284,1,1,1
457,3,412,343,97,284,1,1,1
458,3,415,343,97,284,1,1,1
459,3,418,342,98,284,1,1,1
460,3,421,341,98,285,1,1,1
461,3,424,341,99,285,1,1,1
462,3,423,341,102,285,1,1,1
463,3,423,341,105,285,1,1,1
464,3,423,342,108,284,1,1,1
465,3,422,342,112,284,1,1,1
466,3,422,343,115,283,1,1,1
467,3,422,343,117,283,1,1,1
468,3,421,343,121,283,1,1,1
469,3,421,344,124,282,1,1,1
470,3,421,344,127,282,1,1,1
471,3,421,345,130,281,1,1,1
472,3,426,344,127,282,1,1,1
473,3,432,344,124,282,1,1,1
474,3,438,344,120,282,1,1,1
475,3,444,343,117,284,1,1,1
476,3,450,343,113,284,1,1,1
477,3,455,343,111,284,1,1,1
478,3,461,342,107,286,1,1,1
479,3,467,342,104,286,1,1,1
480,3,473,342,100,286,1,1,1
481,3,479,342,97,287,1,1,1
482,3,484,342,97,286,1,1,1
483,3,489,343,97,284,1,1,1
484,3,494,344,97,282,1,1,1
485,3,499,345,97,280,1,1,1
486,3,504,346,98,278,1,1,1
487,3,509,346,98,277,1,1,1
488,3,514,347,98,275,1,1,1
489,3,519,348,98,273,1,1,1
490,3,524,349,98,271,1,1,1
491,3,529,350,99,270,1,1,1
492,3,531,347,99,270,1,1,1
493,3,534,345,99,269,1,1,1
494,3,537,343,98,268,1,1,1
495,3,539,340,99,269,1,1,1
496,3,542,338,99,268,1,1,1
497,3,545,336,98,267,1,1,1
498,3,547,333,99,268,1,1,1
499,3,550,331,98,267,1,1,1
500,3,553,329,98,266,1,1,1
501,3,556,327,98,266,1,1,1
502,3,559,325,98,267,1,1,1
503,3,562,324,98,268,1,1,1
504,3,566,323,98,269,1,1,1
505,3,569,321,98,271,1,1,1
506,3,573,320,98,272,1,1,1
507,3,576,319,98,272,1,1,1
508,3,579,317,98,274,1,1,1
509,3,583,316,98,275,1,1,1
510,3,586,315,98,276,1,1,1
511,3,590,314,98,277,1,1,1
512,3,594,314,98,275,1,1,1
513,3,598,314,99,274,1,1,1
514,3,603,314,98,273,1,1,1
515,3,607,314,99,271,1,1,1
516,3,612,314,98,270,1,1,1
517,3,616,314,99,269,1,1,1
518,3,620,314,99,267,1,1,1
519,3,625,314,99,266,1,1,1
520,3,629,314,99,265,1,1,1
521,3,634,315,99,263,1,1,1
522,3,637,315,100,264,1,1,1
523,3,641,315,100,266,1,1,1
524,3,645,315,100,267,1,1,1
525,3,649,315,100,269,1,1,1
526,3,653,315,100,270,1,1,1
527,3,656,315,101,272,1,1,1
528,3,660,315,101,273,1,1,1
529,3,664,315,101,275,1,1,1
530,3,668,315,101,276,1,1,1
531,3,672,315,102,278,1,1,1
532,3,677,316,101,276,1,1,1
533,3,683,317,99,275,1,1,1
534,3,689,318,98,273,1,1,1
535,3,694,319,97,272,1,1,1
536,3,700,321,96,270,1,1,1
537,3,706,322,94,268,1,1,1
538,3,711,323,93,267,1,1,1
539,3,717,324,92,265,1,1,1
540,3,723,325,90,264,1,1,1
541,3,729,327,89,262,1,1,1
542,3,736,327,88,263,1,1,1
543,3,743,327,88,265,1,1,1
544,3,750,328,88,265,1,1,1
545,3,757,328,87,267,1,1,1
546,3,765,329,86,267,1,1,1
547,3,772,329,86,269,1,1,1
548,3,779,329,85,270,1,1,1
549,3,786,330,85,271,1,1,1
550,3,793,330,85,272,1,1,1
551,3,801,331,84,273,1,1,1
552,3,802,331,85,273,1,1,1
553,3,804,332,85,273,1,1,1
554,3,806,332,85,274,1,1,1
555,3,808,333,85,274,1,1,1
556,3,810,333,85,275,1,1,1
557,3,812,334,85,274,1,1,1
558,3,814,334,85,275,1,1,1
559,3,816,335,85,275,1,1,1
560,3,818,335,85,276,1,1,1
561,3,820,336,86,276,1,1,1
562,3,819,336,89,276,1,1,1
563,3,819,336,91,276,1,1,1
564,3,819,336,93,276,1,1,1
565,3,819,336,95,276,1,1,1
566,3,819,336,97,276,1,1,1
567,3,819,336,99,276,1,1,1
568,3,819,336,101,276,1,1,1
569,3,819,336,103,276,1,1,1
570,3,819,336,105,276,1,1,1
571,3,819,337,107,276,1,1,1
572,3,816,336,107,277,1,1,1
573,3,814,335,106,278,1,1,1
574,3,812,334,106,279,1,1,1
575,3,810,333,105,280,1,1,1
576,3,808,332,105,282,1,1,1
577,3,805,331,105,283,1,1,1
578,3,803,330,104,284,1,1,1
579,3,801,329,104,285,1,1,1
580,3,799,328,103,286,1,1,1
581,3,797,328,103,287,1,1,1
582,3,795,330,103,286,1,1,1
583,3,794,332,102,286,1,1,1
584,3,793,334,102,285,1,1,1
585,3,792,336,101,285,1,1,1
586,3,791,338,101,285,1,1,1
587,3,789,340,101,284,1,1,1
588,3,788,342,100,284,1,1,1
589,3,787,344,100,283,1,1,1
590,3,786,346,99,283,1,1,1
591,3,785,349,99,282,1,1,1
592,3,785,349,100,284,1,1,1
593,3,786,349,101,286,1,1,1
594,3,787,349,101,288,1,1,1
595,3,787,349,103,291,1,1,1
596,3,788,349,103,293,1,1,1
597,3,789,349,104,295,1,1,1
598,3,789,349,105,298,1,1,1
599,3,790,349,106,300,1,1,1
600,3,791,349,106,302,1,1,1
601,3,792,350,107,304,1,1,1
602,3,793,349,107,303,1,1,1
603,3,794,349,108,301,1,1,1
604,3,796,349,108,300,1,1,1
605,3,797,349,108,298,1,1,1
606,3,799,349,108,297,1,1,1
607,3,800,348,109,296,1,1,1
608,3,801,348,109,294,1,1,1
609,3,803,348,109,293,1,1,1
610,3,804,348,110,291,1,1,1
611,3,806,348,110,290,1,1,1
612,3,808,347,108,290,1,1,1
613,3,810,347,107,290,1,1,1
614,3,812,346,106,291,1,1,1
615,3,814,346,105,291,1,1,1
616,3,816,346,104,291,1,1,1
617,3,818,345,103,291,1,1,1
618,3,820,345,102,291,1,1,1
619,3,822,344,101,292,1,1,1
620,3,824,344,100,292,1,1,1
621,3,827,344,98,292,1,1,1
622,3,830,343,98,293,1,1,1
623,3,833,342,98,294,1,1,1
624,3,836,341,99,296,1,1,1
625,3,839,340,99,297,1,1,1
626,3,842,340,100,298,1,1,1
627,3,845,339,100,299,1,1,1
628,3,848,338,100,300,1,1,1
629,3,851,337,101,302,1,1,1
630,3,854,336,101,303,1,1,1
631,3,858,336,101,304,1,1,1
632,3,860,335,102,305,1,1,1
633,3,863,335,102,305,1,1,1
634,3,866,335,102,306,1,1,1
635,3,869,335,102,306,1,1,1
636,3,872,335,103,307,1,1,1
637,3,874,334,104,308,1,1,1
638,3,877,334,104,308,1,1,1
639,3,880,334,104,309,1,1,1
640,3,883,334,104,309,1,1,1
641,3,886,334,105,310,1,1,1
642,3,888,332,105,311,1,1,1
643,3,890,330,106,312,1,1,1
644,3,892,328,107,313,1,1,1
645,3,895,326,106,314,1,1,1
646,3,897,324,107,316,1,1,1
647,3,899,322,108,317,1,1,1
648,3,902,320,107,318,1,1,1
649,3,904,318,108,319,1,1,1
650,3,906,316,109,320,1,1,1
651,3,909,315,109,321,1,1,1
652,3,909,314,113,321,1,1,1
653,3,909,314,117,321,1,1,1
654,3,909,313,121,321,1,1,1
655,3,909,313,126,321,1,1,1
656,3,909,312,130,321,1,1,1
657,3,909,312,134,321,1,1,1
658,3,909,311,139,321,1,1,1
659,3,909,311,143,321,1,1,1
660,3,909,310,147,321,1,1,1
661,3,910,310,151,321,1,1,1
662,3,908,310,148,321,1,1,1
663,3,906,310,145,322,1,1,1
664,3,904,310,142,322,1,1,1
665,3,903,310,139,323,1,1,1
666,3,901,310,136,323,1,1,1
667,3,899,310,133,324,1,1,1
668,3,898,310,130,324,1,1,1
669,3,896,310,127,325,1,1,1
670,3,894,310,124,325,1,1,1
671,3,893,311,121,325,1,1,1
672,3,889,310,119,323,1,1,1
673,3,885,310,118,320,1,1,1
674,3,881,310,117,318,1,1,1
675,3,877,309,115,316,1,1,1
676,3,873,309,114,314,1,1,1
677,3,869,309,113,311,1,1,1
678,3,865,308,111,309,1,1,1
679,3,861,308,110,307,1,1,1
680,3,857,308,109,304,1,1,1
681,3,854,308,107,302,1,1,1
682,3,848,308,106,302,1,1,1
683,3,843,308,105,302,1,1,1
684,3,838,308,103,302,1,1,1
685,3,833,309,102,301,1,1,1
686,3,828,309,100,301,1,1,1
687,3,822,309,100,301,1,1,1
688,3,817,310,98,300,1,1,1
689,3,812,310,97,300,1,1,1
690,3,807,310,95,300,1,1,1
691,3,802,311,94,300,1,1,1
692,3,797,311,94,301,1,1,1
693,3,792,312,95,301,1,1,1
694,3,787,313,96,302,1,1,1
695,3,782,313,97,303,1,1,1
696,3,777,314,98,304,1,1,1
697,3,772,315,98,304,1,1,1
698,3,767,315,99,305,1,1,1
699,3,762,316,100,306,1,1,1
700,3,757,317,101,306,1,1,1
701,3,752,318,102,307,1,1,1
702,3,749,318,102,308,1,1,1
703,3,746,319,102,309,1,1,1
704,3,743,320,102,310,1,1,1
705,3,740,321,102,311,1,1,1
706,3,737,322,102,312,1,1,1
707,3,734,323,102,313,1,1,1
708,3,731,324,102,314,1,1,1
709,3,728,325,102,315,1,1,1
710,3,725,326,102,316,1,1,1
711,3,722,327,103,317,1,1,1
712,3,721,326,103,318,1,1,1
713,3,721,326,103,319,1,1,1
714,3,721,325,103,320,1,1,1
715,3,720,325,104,321,1,1,1
716,3,720,325,104,321,1,1,1
717,3,720,324,104,323,1,1,1
718,3,719,324,105,323,1,1,1
719,3,719,323,105,325,1,1,1
720,3,719,323,105,325,1,1,1
721,3,719,323,105,326,1,1,1
722,3,728,322,102,322,1,1,1
723,3,738,322,99,317,1,1,1
724,3,747,322,97,313,1,1,1
725,3,757,322,94,308,1,1,1
726,3,767,322,91,304,1,1,1
727,3,776,322,89,299,1,1,1
728,3,786,322,86,294,1,1,1
729,3,795,322,84,290,1,1,1
730,3,805,322,81,285,1,1,1
731,3,815,322,78,281,1,1,1
732,3,815,321,78,282,1,1,1
733,3,815,320,79,283,1,1,1
734,3,815,319,80,284,1,1,1
735,3,815,319,81,285,1,1,1
736,3,816,318,81,286,1,1,1
737,3,816,317,82,287,1,1,1
738,3,816,317,83,288,1,1,1
739,3,816,316,84,289,1,1,1
740,3,816,315,85,290,1,1,1
741,3,817,315,85,291,1,1,1
742,3,816,314,86,291,1,1,1
743,3,816,314,87,291,1,1,1
744,3,816,313,87,292,1,1,1
745,3,816,313,88,292,1,1,1
746,3,816,313,89,292,1,1,1
747,3,816,312,89,292,1,1,1
748,3,816,312,90,292,1,1,1
749,3,816,312,90,292,1,1,1
750,3,816,311,91,293,1,1,1
751,3,816,311,92,293,1,1,1
752,3,816,311,92,292,1,1,1
753,3,816,310,93,293,1,1,1
754,3,816,310,93,293,1,1,1
755,3,816,310,94,293,1,1,1
756,3,816,309,95,294,1,1,1
757,3,816,309,95,293,1,1,1
758,3,816,309,96,293,1,1,1
759,3,816,308,96,294,1,1,1
760,3,816,308,97,294,1,1,1
761,3,816,308,98,294,1,1,1
762,3,814,308,99,294,1,1,1
763,3,813,308,100,294,1,1,1
764,3,812,308,101,294,1,1,1
765,3,810,308,103,294,1,1,1
766,3,809,308,104,295,1,1,1
767,3,808,308,105,295,1,1,1
768,3,806,308,107,295,1,1,1
769,3,805,308,108,295,1,1,1
770,3,804,308,109,295,1,1,1
771,3,803,308,110,296,1,1,1
772,3,799,307,111,297,1,1,1
773,3,796,306,112,299,1,1,1
774,3,792,305,114,301,1,1,1
775,3,789,305,114,302,1,1,1
776,3,785,304,116,304,1,1,1
777,3,782,303,117,306,1,1,1
778,3,778,303,118,307,1,1,1
779,3,775,302,119,309,1,1,1
780,3,771,301,121,311,1,1,1
781,3,768,301,122,312,1,1,1
782,3,762,301,122,309,1,1,1
783,3,756,301,123,306,1,1,1
784,3,750,301,124,304,1,1,1
785,3,745,301,124,301,1,1,1
786,3,739,301,125,299,1,1,1
787,3,733,301,126,296,1,1,1
788,3,728,301,126,293,1,1,1
789,3,722,301,127,291,1,1,1
790,3,716,301,128,288,1,1,1
791,3,711,302,128,285,1,1,1
792,3,705,302,126,284,1,1,1
793,3,699,302,124,284,1,1,1
794,3,694,302,121,284,1,1,1
795,3,688,303,119,283,1,1,1
796,3,683,303,116,283,1,1,1
797,3,677,303,114,282,1,1,1
798,3,671,304,112,281,1,1,1
799,3,666,304,109,281,1,1,1
800,3,660,304,107,281,1,1,1
1,5,749,408,71,231,1,1,1
2,5,748,407,72,231,1,1,1
3,5,748,406,72,231,1,1,1
4,5,747,405,73,231,1,1,1
5,5,747,405,73,230,1,1,1
6,5,746,404,74,231,1,1,1
7,5,746,403,74,231,1,1,1
8,5,745,403,75,230,1,1,1
9,5,745,402,75,230,1,1,1
10,5,744,401,76,230,1,1,1
11,5,744,401,77,230,1,1,1
12,5,743,400,77,231,1,1,1
13,5,742,400,77,232,1,1,1
14,5,741,399,77,234,1,1,1
15,5,740,399,77,234,1,1,1
16,5,740,399,76,235,1,1,1
17,5,739,398,76,237,1,1,1
18,5,738,398,76,237,1,1,1
19,5,737,397,76,239,1,1,1
20,5,736,397,76,240,1,1,1
21,5,736,397,76,241,1,1,1
22,5,739,396,75,239,1,1,1
23,5,742,396,75,237,1,1,1
24,5,745,396,75,234,1,1,1
25,5,748,396,74,232,1,1,1
26,5,752,396,73,229,1,1,1
27,5,755,396,73,227,1,1,1
28,5,758,396,72,224,1,1,1
29,5,761,396,72,222,1,1,1
30,5,764,396,72,219,1,1,1
31,5,768,396,71,217,1,1,1
32,5,769,392,71,218,1,1,1
33,5,770,389,71,219,1,1,1
34,5,771,385,71,220,1,1,1
35,5,773,382,70,221,1,1,1
36,5,774,379,71,222,1,1,1
37,5,775,375,71,223,1,1,1
38,5,777,372,70,224,1,1,1
39,5,778,368,70,225,1,1,1
40,5,779,365,70,226,1,1,1
41,5,781,362,70,227,1,1,1
42,5,782,362,69,227,1,1,1
43,5,783,362,68,227,1,1,1
44,5,785,362,67,227,1,1,1
45,5,786,362,66,228,1,1,1
46,5,788,362,65,228,1,1,1
47,5,789,362,64,228,1,1,1
48,5,790,362,63,229,1,1,1
49,5,792,362,62,229,1,1,1
50,5,793,362,61,229,1,1,1
51,5,795,363,60,229,1,1,1
52,5,794,362,63,230,1,1,1
53,5,793,362,66,231,1,1,1
54,5,792,362,69,232,1,1,1
55,5,792,361,71,233,1,1,1
56,5,791,361,74,234,1,1,1
57,5,790,361,77,235,1,1,1
58,5,790,360,79,236,1,1,1
59,5,789,360,82,237,1,1,1
60,5,788,360,85,238,1,1,1
61,5,788,360,87,239,1,1,1
62,5,786,360,87,239,1,1,1
63,5,785,360,87,239,1,1,1
64,5,784,360,87,239,1,1,1
65,5,782,360,87,240,1,1,1
66,5,781,360,87,240,1,1,1
67,5,780,360,87,240,1,1,1
68,5,778,360,87,241,1,1,1
69,5,777,360,87,241,1,1,1
70,5,776,360,87,241,1,1,1
71,5,775,360,87,242,1,1,1
72,5,773,357,87,243,1,1,1
73,5,771,354,88,244,1,1,1
74,5,769,351,88,245,1,1,1
75,5,767,348,89,246,1,1,1
76,5,765,345,89,248,1,1,1
77,5,763,342,90,249,1,1,1
78,5,761,339,90,250,1,1,1
79,5,759,336,91,251,1,1,1
80,5,757,333,91,252,1,1,1
81,5,756,331,91,253,1,1,1
82,5,755,330,91,254,1,1,1
83,5,755,330,91,254,1,1,1
84,5,754,329,91,255,1,1,1
85,5,754,329,91,255,1,1,1
86,5,753,328,92,257,1,1,1
87,5,753,328,91,257,1,1,1
88,5,752,327,92,258,1,1,1
89,5,752,327,91,258,1,1,1
90,5,751,326,92,259,1,1,1
91,5,751,326,92,260,1,1,1
92,5,754,328,91,258,1,1,1
93,5,757,330,91,257,1,1,1
94,5,761,332,90,256,1,1,1
95,5,764,334,90,255,1,1,1
96,5,768,337,89,253,1,1,1
97,5,771,339,89,251,1,1,1
98,5,774,341,89,250,1,1,1
99,5,778,343,88,249,1,1,1
100,5,781,345,88,248,1,1,1
101,5,785,348,87,246,1,1,1
102,5,789,348,88,246,1,1,1
103,5,794,348,88,246,1,1,1
104,5,799,348,89,246,1,1,1
105,5,803,348,90,246,1,1,1
106,5,808,348,91,246,1,1,1
107,5,813,348,91,246,1,1,1
108,5,817,348,92,246,1,1,1
109,5,822,348,93,246,1,1,1
110,5,827,348,93,246,1,1,1
111,5,832,348,94,247,1,1,1
112,5,833,347,95,248,1,1,1
113,5,834,346,96,250,1,1,1
114,5,835,345,97,251,1,1,1
115,5,836,344,98,253,1,1,1
116,5,837,343,100,254,1,1,1
117,5,838,342,101,256,1,1,1
118,5,839,341,102,257,1,1,1
119,5,840,340,103,259,1,1,1
120,5,841,339,104,260,1,1,1
121,5,843,339,105,261,1,1,1
122,5,838,338,105,262,1,1,1
123,5,833,337,106,264,1,1,1
124,5,828,336,107,266,1,1,1
125,5,823,336,108,267,1,1,1
126,5,818,335,109,269,1,1,1
127,5,813,334,109,270,1,1,1
128,5,808,334,110,271,1,1,1
129,5,803,333,111,273,1,1,1
130,5,798,332,112,275,1,1,1
131,5,794,332,112,276,1,1,1
132,5,788,332,110,275,1,1,1
133,5,782,332,109,275,1,1,1
134,5,776,332,108,275,1,1,1
135,5,770,332,107,275,1,1,1
136,5,764,333,106,274,1,1,1
137,5,758,333,105,273,1,1,1
138,5,752,333,104,273,1,1,1
139,5,746,333,103,273,1,1,1
140,5,740,333,102,273,1,1,1
141,5,735,334,100,272,1,1,1
142,5,730,332,100,272,1,1,1
143,5,725,330,100,272,1,1,1
144,5,720,328,100,272,1,1,1
145,5,716,327,99,271,1,1,1
146,5,711,325,100,271,1,1,1
147,5,706,323,100,271,1,1,1
148,5,702,322,99,270,1,1,1
149,5,697,320,99,270,1,1,1
150,5,692,318,99,270,1,1,1
151,5,688,317,99,270,1,1,1
152,5,686,316,98,269,1,1,1
153,5,684,315,97,269,1,1,1
154,5,682,314,96,269,1,1,1
155,5,680,314,96,268,1,1,1
156,5,678,313,95,268,1,1,1
157,5,676,312,94,267,1,1,1
158,5,674,312,94,266,1,1,1
159,5,672,311,93,266,1,1,1
160,5,670,310,92,266,1,1,1
161,5,668,310,92,265,1,1,1
162,5,663,308,95,267,1,1,1
163,5,658,307,98,268,1,1,1
164,5,653,306,102,269,1,1,1
165,5,648,305,105,270,1,1,1
166,5,643,304,109,272,1,1,1
167,5,638,303,112,273,1,1,1
168,5,633,302,115,274,1,1,1
169,5,628,301,119,275,1,1,1
170,5,623,300,122,276,1,1,1
171,5,619,299,125,278,1,1,1
172,5,621,299,123,278,1,1,1
173,5,623,300,122,277,1,1,1
174,5,625,301,121,276,1,1,1
175,5,627,302,120,276,1,1,1
176,5,629,303,119,275,1,1,1
177,5,631,303,118,275,1,1,1
178,5,633,304,117,275,1,1,1
179,5,635,305,116,274,1,1,1
180,5,637,306,115,273,1,1,1
181,5,640,307,113,273,1,1,1
182,5,648,307,112,273,1,1,1
183,5,656,308,112,272,1,1,1
184,5,664,309,111,272,1,1,1
185,5,673,309,110,272,1,1,1
186,5,681,310,109,272,1,1,1
187,5,689,311,109,271,1,1,1
188,5,698,311,107,271,1,1,1
189,5,706,312,107,271,1,1,1
190,5,714,313,106,270,1,1,1
191,5,723,314,105,270,1,1,1
192,5,722,315,105,269,1,1,1
193,5,722,316,105,269,1,1,1
194,5,722,317,105,269,1,1,1
195,5,722,318,105,268,1,1,1
196,5,722,319,105,268,1,1,1
197,5,721,320,105,268,1,1,1
198,5,721,321,105,267,1,1,1
199,5,721,322,105,267,1,1,1
200,5,721,323,105,267,1,1,1
201,5,721,325,105,266,1,1,1
202,5,717,324,103,266,1,1,1
203,5,713,324,102,266,1,1,1
204,5,709,323,100,267,1,1,1
205,5,705,323,99,267,1,1,1
206,5,701,323,98,267,1,1,1
207,5,697,322,96,267,1,1,1
208,5,693,322,95,267,1,1,1
209,5,689,321,93,268,1,1,1
210,5,685,321,92,268,1,1,1
211,5,682,321,90,268,1,1,1
212,5,674,321,90,269,1,1,1
213,5,667,321,90,270,1,1,1
214,5,660,321,89,271,1,1,1
215,5,653,321,89,273,1,1,1
216,5,646,321,88,274,1,1,1
217,5,638,321,89,275,1,1,1
218,5,631,321,88,277,1,1,1
219,5,624,321,88,278,1,1,1
220,5,617,321,87,279,1,1,1
221,5,610,322,87,280,1,1,1
222,5,608,322,90,280,1,1,1
223,5,607,322,92,280,1,1,1
224,5,606,322,94,280,1,1,1
225,5,605,322,96,280,1,1,1
226,5,604,322,98,280,1,1,1
227,5,602,322,101,280,1,1,1
228,5,601,322,103,280,1,1,1
229,5,600,322,105,280,1,1,1
230,5,599,322,107,280,1,1,1
231,5,598,322,109,281,1,1,1
232,5,600,321,107,281,1,1,1
233,5,602,321,106,281,1,1,1
234,5,604,321,105,281,1,1,1
235,5,606,321,103,281,1,1,1
236,5,608,321,102,281,1,1,1
237,5,610,321,101,280,1,1,1
238,5,612,321,99,280,1,1,1
239,5,614,321,98,280,1,1,1
240,5,616,321,97,280,1,1,1
241,5,619,321,95,280,1,1,1
242,5,621,319,96,280,1,1,1
243,5,624,318,96,280,1,1,1
244,5,627,317,96,280,1,1,1
245,5,630,316,96,280,1,1,1
246,5,633,315,96,280,1,1,1
247,5,635,314,97,280,1,1,1
248,5,638,313,97,280,1,1,1
249,5,641,312,97,280,1,1,1
250,5,644,311,97,280,1,1,1
251,5,647,310,97,280,1,1,1
252,5,650,312,99,280,1,1,1
253,5,653,314,102,281,1,1,1
254,5,656,316,105,281,1,1,1
255,5,660,318,106,282,1,1,1
256,5,663,320,109,282,1,1,1
257,5,666,322,112,283,1,1,1
258,5,670,324,113,283,1,1,1
259,5,673,326,116,284,1,1,1
260,5,676,328,119,284,1,1,1
261,5,680,331,121,284,1,1,1
262,5,687,332,118,284,1,1,1
263,5,694,333,116,285,1,1,1
264,5,702,334,112,286,1,1,1
265,5,709,336,110,286,1,1,1
266,5,717,337,107,287,1,1,1
267,5,724,338,104,288,1,1,1
268,5,731,340,102,288,1,1,1
269,5,739,341,98,289,1,1,1
270,5,746,342,96,290,1,1,1
271,5,754,344,93,290,1,1,1
272,5,755,346,96,290,1,1,1
273,5,756,349,100,289,1,1,1
274,5,757,352,104,288,1,1,1
275,5,758,355,108,287,1,1,1
276,5,759,358,112,286,1,1,1
277,5,760,360,116,286,1,1,1
278,5,761,363,120,285,1,1,1
279,5,762,366,124,284,1,1,1
280,5,763,369,128,283,1,1,1
281,5,765,372,131,282,1,1,1
282,5,768,371,127,281,1,1,1
283,5,771,370,123,281,1,1,1
284,5,775,369,118,281,1,1,1
285,5,778,368,114,281,1,1,1
286,5,782,367,110,281,1,1,1
287,5,785,366,106,281,1,1,1
288,5,788,365,102,281,1,1,1
289,5,792,364,97,281,1,1,1
290,5,795,363,93,281,1,1,1
291,5,799,362,89,281,1,1,1
292,5,801,361,91,282,1,1,1
293,5,804,361,92,282,1,1,1
294,5,806,361,94,282,1,1,1
295,5,809,361,95,283,1,1,1
296,5,811,361,97,283,1,1,1
297,5,814,360,98,284,1,1,1
298,5,816,360,100,285,1,1,1
299,5,819,360,101,285,1,1,1
300,5,821,360,103,285,1,1,1
301,5,824,360,105,286,1,1,1
302,5,828,359,105,287,1,1,1
303,5,832,359,105,287,1,1,1
304,5,836,358,105,288,1,1,1
305,5,840,358,105,288,1,1,1
306,5,845,357,104,289,1,1,1
307,5,849,357,104,289,1,1,1
308,5,853,356,104,290,1,1,1
309,5,857,356,104,290,1,1,1
310,5,861,355,104,291,1,1,1
311,5,866,355,104,292,1,1,1
312,5,865,355,105,290,1,1,1
313,5,865,355,106,289,1,1,1
314,5,865,355,106,287,1,1,1
315,5,865,355,107,286,1,1,1
316,5,865,355,108,285,1,1,1
317,5,865,355,108,283,1,1,1
318,5,865,355,109,282,1,1,1
319,5,865,355,109,280,1,1,1
320,5,865,355,110,279,1,1,1
321,5,865,356,111,277,1,1,1
322,5,862,355,108,277,1,1,1
323,5,859,355,106,277,1,1,1
324,5,856,355,103,277,1,1,1
325,5,853,355,101,277,1,1,1
326,5,850,355,99,277,1,1,1
327,5,847,355,96,277,1,1,1
328,5,844,355,94,277,1,1,1
329,5,841,355,91,277,1,1,1
330,5,838,355,89,277,1,1,1
331,5,835,355,87,277,1,1,1
332,5,829,355,92,278,1,1,1
333,5,823,355,98,280,1,1,1
334,5,818,356,103,281,1,1,1
335,5,812,356,108,282,1,1,1
336,5,807,357,113,283,1,1,1
337,5,801,357,119,285,1,1,1
338,5,795,357,124,286,1,1,1
339,5,790,358,129,287,1,1,1
340,5,784,358,135,289,1,1,1
341,5,779,359,140,290,1,1,1
342,5,779,358,136,291,1,1,1
343,5,779,357,132,292,1,1,1
344,5,780,357,127,292,1,1,1
345,5,780,356,123,293,1,1,1
346,5,781,356,119,293,1,1,1
347,5,781,355,115,294,1,1,1
348,5,781,354,111,295,1,1,1
349,5,782,354,106,295,1,1,1
350,5,782,353,102,296,1,1,1
351,5,783,353,98,297,1,1,1
352,5,782,353,99,296,1,1,1
353,5,781,353,100,296,1,1,1
354,5,780,353,101,296,1,1,1
355,5,779,353,102,296,1,1,1
356,5,778,353,103,296,1,1,1
357,5,777,353,104,295,1,1,1
358,5,776,353,105,295,1,1,1
359,5,775,353,106,295,1,1,1
360,5,774,353,107,295,1,1,1
361,5,774,353,108,295,1,1,1
362,5,775,352,109,296,1,1,1
363,5,777,352,110,296,1,1,1
364,5,778,352,112,296,1,1,1
365,5,780,351,112,297,1,1,1
366,5,782,351,113,298,1,1,1
367,5,783,351,115,298,1,1,1
368,5,785,350,115,299,1,1,1
369,5,786,350,117,299,1,1,1
370,5,788,350,118,299,1,1,1
371,5,790,350,119,300,1,1,1
372,5,790,348,117,300,1,1,1
373,5,790,346,116,301,1,1,1
374,5,791,344,114,301,1,1,1
375,5,791,343,112,301,1,1,1
376,5,792,341,110,302,1,1,1
377,5,792,339,109,302,1,1,1
378,5,792,338,107,302,1,1,1
379,5,793,336,105,302,1,1,1
380,5,793,334,104,303,1,1,1
381,5,794,333,102,303,1,1,1
382,5,792,332,103,303,1,1,1
383,5,791,331,103,303,1,1,1
384,5,789,330,104,303,1,1,1
385,5,788,329,104,303,1,1,1
386,5,786,328,106,303,1,1,1
387,5,785,327,106,303,1,1,1
388,5,783,326,107,303,1,1,1
389,5,782,325,107,303,1,1,1
390,5,780,324,108,303,1,1,1
391,5,779,323,109,303,1,1,1
392,5,781,322,107,303,1,1,1
393,5,783,322,105,303,1,1,1
394,5,785,322,104,303,1,1,1
395,5,787,322,102,303,1,1,1
396,5,789,322,101,303,1,1,1
397,5,791,322,99,302,1,1,1
398,5,793,322,97,302,1,1,1
399,5,795,322,96,302,1,1,1
400,5,797,322,94,302,1,1,1
401,5,799,322,93,302,1,1,1
402,5,796,321,95,302,1,1,1
403,5,794,321,96,301,1,1,1
404,5,792,321,97,300,1,1,1
405,5,790,320,99,300,1,1,1
406,5,788,320,100,300,1,1,1
407,5,786,320,101,299,1,1,1
408,5,784,319,103,299,1,1,1
409,5,782,319,104,298,1,1,1
410,5,780,319,105,297,1,1,1
411,5,778,319,107,297,1,1,1
412,5,771,319,111,298,1,1,1
413,5,764,319,116,299,1,1,1
414,5,758,319,120,301,1,1,1
415,5,751,319,125,302,1,1,1
416,5,745,320,129,303,1,1,1
417,5,738,320,133,304,1,1,1
418,5,731,320,138,305,1,1,1
419,5,725,320,142,307,1,1,1
420,5,718,320,147,308,1,1,1
421,5,712,321,151,309,1,1,1
422,5,714,323,146,308,1,1,1
423,5,717,325,141,307,1,1,1
424,5,719,327,136,306,1,1,1
425,5,722,329,131,305,1,1,1
426,5,725,331,126,305,1,1,1
427,5,727,333,121,304,1,1,1
428,5,730,335,116,303,1,1,1
429,5,732,337,111,302,1,1,1
430,5,735,339,106,301,1,1,1
431,5,738,341,101,301,1,1,1
432,5,734,340,102,300,1,1,1
433,5,730,340,103,298,1,1,1
434,5,726,339,104,298,1,1,1
435,5,723,339,104,296,1,1,1
436,5,719,339,105,295,1,1,1
437,5,715,338,106,294,1,1,1
438,5,712,338,106,292,1,1,1
439,5,708,337,107,292,1,1,1
440,5,704,337,108,290,1,1,1
441,5,701,337,109,289,1,1,1
442,5,696,336,110,290,1,1,1
443,5,692,336,110,290,1,1,1
444,5,688,335,110,291,1,1,1
445,5,684,335,110,291,1,1,1
446,5,680,335,110,292,1,1,1
447,5,676,334,110,293,1,1,1
448,5,672,334,110,293,1,1,1
449,5,668,333,110,294,1,1,1
450,5,664,333,110,294,1,1,1
451,5,660,333,110,295,1,1,1
452,5,660,332,108,294,1,1,1
453,5,660,331,107,294,1,1,1
454,5,660,330,106,294,1,1,1
455,5,660,330,105,292,1,1,1
456,5,660,329,104,292,1,1,1
457,5,660,328,102,292,1,1,1
458,5,660,328,101,290,1,1,1
459,5,660,327,100,290,1,1,1
460,5,660,326,99,290,1,1,1
461,5,660,326,98,289,1,1,1
462,5,660,326,98,288,1,1,1
463,5,660,326,98,288,1,1,1
464,5,660,326,99,288,1,1,1
465,5,661,326,98,287,1,1,1
466,5,661,327,99,286,1,1,1
467,5,661,327,99,286,1,1,1
468,5,662,327,98,285,1,1,1
469,5,662,327,99,285,1,1,1
470,5,662,327,99,285,1,1,1
471,5,663,328,99,284,1,1,1
472,5,669,328,99,284,1,1,1
473,5,675,328,99,284,1,1,1
474,5,681,328,99,284,1,1,1
475,5,688,328,98,284,1,1,1
476,5,694,329,99,284,1,1,1
477,5,700,329,99,284,1,1,1
478,5,707,329,98,284,1,1,1
479,5,713,329,98,284,1,1,1
480,5,719,329,98,284,1,1,1
481,5,726,330,98,284,1,1,1
482,5,730,330,100,283,1,1,1
483,5,734,331,103,282,1,1,1
484,5,738,332,106,281,1,1,1
485,5,743,332,108,280,1,1,1
486,5,747,333,111,279,1,1,1
487,5,751,334,113,278,1,1,1
488,5,756,334,115,277,1,1,1
489,5,760,335,118,276,1,1,1
490,5,764,336,121,275,1,1,1
491,5,769,337,123,274,1,1,1
492,5,773,334,120,273,1,1,1
493,5,778,331,117,273,1,1,1
494,5,783,329,113,272,1,1,1
495,5,787,326,111,272,1,1,1
496,5,792,324,107,271,1,1,1
497,5,797,321,104,270,1,1,1
498,5,801,318,101,270,1,1,1
499,5,806,316,98,269,1,1,1
500,5,811,313,94,269,1,1,1
501,5,816,311,91,268,1,1,1
502,5,819,310,93,268,1,1,1
503,5,822,310,95,268,1,1,1
504,5,825,310,98,268,1,1,1
505,5,828,309,100,268,1,1,1
506,5,832,309,102,268,1,1,1
507,5,835,309,104,268,1,1,1
508,5,838,308,106,268,1,1,1
509,5,841,308,109,268,1,1,1
510,5,844,308,111,268,1,1,1
511,5,848,308,113,268,1,1,1
512,5,854,307,112,269,1,1,1
513,5,861,307,111,270,1,1,1
514,5,867,306,110,272,1,1,1
515,5,874,306,109,272,1,1,1
516,5,881,305,107,274,1,1,1
517,5,887,305,107,275,1,1,1
518,5,894,304,105,276,1,1,1
519,5,900,304,105,277,1,1,1
520,5,907,303,103,279,1,1,1
521,5,914,303,102,280,1,1,1
522,5,919,303,102,280,1,1,1
523,5,925,303,101,281,1,1,1
524,5,930,304,101,281,1,1,1
525,5,936,304,100,282,1,1,1
526,5,941,305,100,282,1,1,1
527,5,947,305,99,283,1,1,1
528,5,952,305,99,284,1,1,1
529,5,958,306,98,284,1,1,1
530,5,963,306,98,285,1,1,1
531,5,969,307,98,285,1,1,1
532,5,975,307,97,285,1,1,1
533,5,980,307,97,286,1,1,1
534,5,986,308,96,286,1,1,1
535,5,991,308,96,287,1,1,1
536,5,997,309,95,287,1,1,1
537,5,1002,309,95,288,1,1,1
538,5,1008,309,94,289,1,1,1
539,5,1013,310,94,289,1,1,1
540,5,1019,310,93,290,1,1,1
541,5,1025,311,93,290,1,1,1
542,5,1031,312,95,288,1,1,1
543,5,1038,313,97,286,1,1,1
544,5,1044,315,99,283,1,1,1
545,5,1051,316,101,281,1,1,1
546,5,1057,318,103,278,1,1,1
547,5,1064,319,105,276,1,1,1
548,5,1070,320,107,274,1,1,1
549,5,1077,322,109,271,1,1,1
550,5,1083,323,111,269,1,1,1
551,5,1090,325,113,267,1,1,1
552,5,1095,326,111,267,1,1,1
553,5,1101,327,108,268,1,1,1
554,5,1106,328,107,269,1,1,1
555,5,1112,329,104,269,1,1,1
556,5,1117,330,103,270,1,1,1
557,5,1123,331,100,271,1,1,1
558,5,1128,332,98,271,1,1,1
559,5,1134,333,96,272,1,1,1
560,5,1139,334,94,273,1,1,1
561,5,1145,335,92,274,1,1,1
562,5,1145,334,94,275,1,1,1
563,5,1145,333,97,276,1,1,1
564,5,1145,333,99,276,1,1,1
565,5,1145,332,102,278,1,1,1
566,5,1145,332,105,278,1,1,1
567,5,1145,331,107,279,1,1,1
568,5,1145,330,110,281,1,1,1
569,5,1145,330,112,281,1,1,1
570,5,1145,329,115,282,1,1,1
571,5,1146,329,117,283,1,1,1
572,5,1145,328,116,285,1,1,1
573,5,1145,327,114,287,1,1,1
574,5,1144,326,113,289,1,1,1
575,5,1144,325,112,291,1,1,1
576,5,1144,324,110,293,1,1,1
577,5,1143,323,109,295,1,1,1
578,5,1143,322,108,297,1,1,1
579,5,1142,321,107,299,1,1,1
580,5,1142,320,105,301,1,1,1
581,5,1142,319,104,304,1,1,1
582,5,1141,321,105,303,1,1,1
583,5,1141,323,106,302,1,1,1
584,5,1140,325,107,301,1,1,1
585,5,1140,328,108,299,1,1,1
586,5,1140,330,108,298,1,1,1
587,5,1139,332,110,297,1,1,1
588,5,1139,335,110,295,1,1,1
589,5,1138,337,112,294,1,1,1
590,5,1138,339,112,293,1,1,1
591,5,1138,342,113,292,1,1,1
592,5,1139,342,112,291,1,1,1
593,5,1141,342,110,290,1,1,1
594,5,1143,342,108,289,1,1,1
595,5,1144,342,108,289,1,1,1
596,5,1146,343,106,287,1,1,1
597,5,1148,343,104,286,1,1,1
598,5,1149,343,104,286,1,1,1
599,5,1151,343,102,285,1,1,1
600,5,1153,343,100,284,1,1,1
601,5,1155,344,99,283,1,1,1
602,5,1156,343,102,285,1,1,1
603,5,1158,342,105,288,1,1,1
604,5,1160,342,107,290,1,1,1
605,5,1162,341,110,292,1,1,1
606,5,1164,341,112,294,1,1,1
607,5,1166,340,115,297,1,1,1
608,5,1168,339,117,299,1,1,1
609,5,1170,339,120,301,1,1,1
610,5,1172,338,122,304,1,1,1
611,5,1174,338,125,306,1,1,1
612,5,1174,336,127,307,1,1,1
613,5,1174,335,130,308,1,1,1
614,5,1174,334,132,309,1,1,1
615,5,1175,332,134,311,1,1,1
616,5,1175,331,137,312,1,1,1
617,5,1175,330,139,312,1,1,1
618,5,1176,328,141,314,1,1,1
619,5,1176,327,143,315,1,1,1
620,5,1176,326,146,316,1,1,1
621,5,1177,325,148,317,1,1,1
622,5,1178,325,146,317,1,1,1
623,5,1180,325,143,318,1,1,1
624,5,1181,325,142,319,1,1,1
625,5,1183,326,139,319,1,1,1
626,5,1185,326,137,320,1,1,1
627,5,1186,326,135,320,1,1,1
628,5,1188,327,132,320,1,1,1
629,5,1189,327,131,321,1,1,1
630,5,1191,327,128,322,1,1,1
631,5,1193,328,126,322,1,1,1
632,5,1195,326,127,324,1,1,1
633,5,1198,325,127,326,1,1,1
634,5,1201,324,127,328,1,1,1
635,5,1203,322,128,331,1,1,1
636,5,1206,321,128,333,1,1,1
637,5,1209,320,128,334,1,1,1
638,5,1211,318,129,337,1,1,1
639,5,1214,317,129,339,1,1,1
640,5,1217,316,129,341,1,1,1
641,5,1220,315,129,343,1,1,1
642,5,1224,313,127,344,1,1,1
643,5,1229,312,125,344,1,1,1
644,5,1234,310,123,345,1,1,1
645,5,1239,309,121,345,1,1,1
646,5,1244,307,119,346,1,1,1
647,5,1248,306,118,346,1,1,1
648,5,1253,304,116,347,1,1,1
649,5,1258,303,114,347,1,1,1
650,5,1263,301,112,348,1,1,1
651,5,1268,300,110,348,1,1,1
652,5,1273,299,109,349,1,1,1
653,5,1278,298,109,350,1,1,1
654,5,1283,298,109,350,1,1,1
655,5,1288,297,109,351,1,1,1
656,5,1293,297,109,351,1,1,1
657,5,1298,296,108,352,1,1,1
658,5,1303,295,108,353,1,1,1
659,5,1308,295,108,353,1,1,1
660,5,1313,294,108,354,1,1,1
661,5,1319,294,107,354,1,1,1
662,5,1320,293,107,354,1,1,1
663,5,1321,292,108,354,1,1,1
664,5,1322,291,109,354,1,1,1
665,5,1323,290,109,354,1,1,1
666,5,1324,289,110,355,1,1,1
667,5,1325,288,111,355,1,1,1
668,5,1326,287,111,355,1,1,1
669,5,1327,286,112,355,1,1,1
670,5,1328,285,113,355,1,1,1
671,5,1329,284,114,356,1,1,1
672,5,1328,283,118,355,1,1,1
673,5,1327,283,123,354,1,1,1
674,5,1326,282,128,353,1,1,1
675,5,1326,282,131,352,1,1,1
676,5,1325,282,136,350,1,1,1
677,5,1324,281,141,350,1,1,1
678,5,1324,281,144,348,1,1,1
679,5,1323,280,149,348,1,1,1
680,5,1322,280,154,346,1,1,1
681,5,1322,280,158,345,1,1,1
682,5,1321,280,153,344,1,1,1
683,5,1320,281,149,343,1,1,1
684,5,1319,282,145,342,1,1,1
685,5,1319,283,140,341,1,1,1
686,5,1318,284,136,340,1,1,1
687,5,1317,284,131,339,1,1,1
688,5,1317,285,126,338,1,1,1
689,5,1316,286,122,337,1,1,1
690,5,1315,287,118,336,1,1,1
691,5,1315,288,113,335,1,1,1
692,5,1312,289,114,333,1,1,1
693,5,1310,290,115,331,1,1,1
694,5,1307,291,116,330,1,1,1
695,5,1305,292,117,328,1,1,1
696,5,1303,293,118,327,1,1,1
697,5,1300,294,119,325,1,1,1
698,5,1298,295,120,323,1,1,1
699,5,1295,296,121,322,1,1,1
700,5,1293,297,122,320,1,1,1
701,5,1291,299,123,318,1,1,1
702,5,1291,300,122,318,1,1,1
703,5,1292,301,121,318,1,1,1
704,5,1292,302,120,319,1,1,1
705,5,1293,303,119,319,1,1,1
706,5,1294,304,118,320,1,1,1
707,5,1294,305,117,320,1,1,1
708,5,1295,306,116,320,1,1,1
709,5,1295,307,115,321,1,1,1
710,5,1296,308,114,321,1,1,1
711,5,1297,310,113,321,1,1,1
712,5,1299,309,111,320,1,1,1
713,5,1301,309,110,319,1,1,1
714,5,1303,309,109,317,1,1,1
715,5,1305,308,108,317,1,1,1
716,5,1307,308,107,316,1,1,1
717,5,1309,308,106,314,1,1,1
718,5,1311,307,105,314,1,1,1
719,5,1313,307,104,312,1,1,1
720,5,1315,307,103,311,1,1,1
721,5,1318,307,101,310,1,1,1
722,5,1324,306,101,310,1,1,1
723,5,1331,306,100,310,1,1,1
724,5,1337,305,101,311,1,1,1
725,5,1344,305,100,311,1,1,1
726,5,1351,304,100,312,1,1,1
727,5,1357,304,100,312,1,1,1
728,5,1364,303,99,313,1,1,1
729,5,1370,303,100,313,1,1,1
730,5,1377,302,99,314,1,1,1
731,5,1384,302,99,314,1,1,1
732,5,1383,302,101,313,1,1,1
733,5,1382,302,103,312,1,1,1
734,5,1381,302,105,311,1,1,1
735,5,1380,302,107,311,1,1,1
736,5,1379,302,109,310,1,1,1
737,5,1378,302,111,309,1,1,1
738,5,1377,302,113,309,1,1,1
739,5,1376,302,115,308,1,1,1
740,5,1375,302,117,307,1,1,1
741,5,1375,303,118,306,1,1,1
742,5,1375,302,116,307,1,1,1
743,5,1376,302,113,307,1,1,1
744,5,1377,302,110,308,1,1,1
745,5,1378,302,108,308,1,1,1
746,5,1379,302,105,309,1,1,1
747,5,1379,302,103,309,1,1,1
748,5,1380,302,101,309,1,1,1
749,5,1381,302,98,310,1,1,1
750,5,1382,302,95,310,1,1,1
751,5,1383,302,93,311,1,1,1
752,5,1382,302,96,309,1,1,1
753,5,1381,303,99,307,1,1,1
754,5,1380,303,102,306,1,1,1
755,5,1379,304,105,304,1,1,1
756,5,1379,304,108,303,1,1,1
757,5,1378,305,111,300,1,1,1
758,5,1377,305,114,299,1,1,1
759,5,1376,306,117,297,1,1,1
760,5,1375,306,120,296,1,1,1
761,5,1375,307,123,294,1,1,1
762,5,1372,306,121,293,1,1,1
763,5,1370,305,119,293,1,1,1
764,5,1367,304,117,293,1,1,1
765,5,1365,303,115,293,1,1,1
766,5,1362,303,114,292,1,1,1
767,5,1360,302,111,291,1,1,1
768,5,1357,301,110,291,1,1,1
769,5,1355,300,107,291,1,1,1
770,5,1352,299,106,291,1,1,1
771,5,1350,299,104,290,1,1,1
772,5,1345,298,104,292,1,1,1
773,5,1340,297,105,294,1,1,1
774,5,1335,296,106,296,1,1,1
775,5,1330,296,107,297,1,1,1
776,5,1325,295,108,299,1,1,1
777,5,1320,294,109,301,1,1,1
778,5,1315,294,110,302,1,1,1
779,5,1310,293,111,304,1,1,1
780,5,1305,292,112,306,1,1,1
781,5,1300,292,113,307,1,1,1
782,5,1291,291,111,305,1,1,1
783,5,1283,290,109,303,1,1,1
784,5,1275,289,107,302,1,1,1
785,5,1267,288,105,300,1,1,1
786,5,1259,288,103,298,1,1,1
787,5,1250,287,101,296,1,1,1
788,5,1242,286,99,294,1,1,1
789,5,1234,285,97,293,1,1,1
790,5,1226,284,95,291,1,1,1
791,5,1218,284,93,289,1,1,1
792,5,1203,284,96,290,1,1,1
793,5,1188,284,99,292,1,1,1
794,5,1173,284,102,293,1,1,1
795,5,1159,284,104,295,1,1,1
796,5,1144,285,107,295,1,1,1
797,5,1129,285,110,297,1,1,1
798,5,1115,285,112,298,1,1,1
799,5,1100,285,115,300,1,1,1
800,5,1085,285,118,301,1,1,1
