1,1,1143,1039,299,802,1,1,1
2,1,1147,1042,306,798,1,1,1
3,1,1152,1045,312,795,1,1,1
4,1,1156,1048,320,792,1,1,1
5,1,1161,1051,326,788,1,1,1
6,1,1166,1055,333,784,1,1,1
7,1,1170,1058,340,781,1,1,1
8,1,1175,1061,346,777,1,1,1
9,1,1179,1064,354,774,1,1,1
10,1,1184,1067,360,771,1,1,1
11,1,1189,1071,367,767,1,1,1
12,1,1208,1067,357,766,1,1,1
13,1,1227,1064,348,765,1,1,1
14,1,1246,1060,339,765,1,1,1
15,1,1265,1057,330,764,1,1,1
16,1,1284,1054,321,763,1,1,1
17,1,1303,1050,312,763,1,1,1
18,1,1322,1047,303,762,1,1,1
19,1,1341,1043,294,762,1,1,1
20,1,1360,1040,285,761,1,1,1
21,1,1379,1037,276,760,1,1,1
22,1,1379,1037,282,758,1,1,1
23,1,1379,1037,289,757,1,1,1
24,1,1380,1037,295,755,1,1,1
25,1,1380,1038,302,753,1,1,1
26,1,1381,1038,308,752,1,1,1
27,1,1381,1038,314,750,1,1,1
28,1,1381,1039,321,748,1,1,1
29,1,1382,1039,327,746,1,1,1
30,1,1382,1039,334,745,1,1,1
31,1,1383,1040,340,743,1,1,1
32,1,1394,1040,338,741,1,1,1
33,1,1405,1040,337,740,1,1,1
34,1,1417,1040,334,739,1,1,1
35,1,1428,1040,333,738,1,1,1
36,1,1440,1040,331,737,1,1,1
37,1,1451,1040,329,736,1,1,1
38,1,1462,1040,328,735,1,1,1
39,1,1474,1040,325,734,1,1,1
40,1,1485,1040,324,733,1,1,1
41,1,1497,1040,322,732,1,1,1
42,1,1506,1031,314,731,1,1,1
43,1,1515,1023,307,730,1,1,1
44,1,1524,1014,300,730,1,1,1
45,1,1533,1006,293,729,1,1,1
46,1,1542,997,286,729,1,1,1
47,1,1551,989,279,728,1,1,1
48,1,1560,980,272,728,1,1,1
49,1,1569,972,265,727,1,1,1
50,1,1578,963,258,727,1,1,1
51,1,1588,955,250,726,1,1,1
52,1,1579,952,262,725,1,1,1
53,1,1571,949,273,725,1,1,1
54,1,1562,947,286,724,1,1,1
55,1,1554,944,297,724,1,1,1
56,1,1546,942,309,723,1,1,1
57,1,1537,939,321,722,1,1,1
58,1,1529,936,332,722,1,1,1
59,1,1520,934,345,721,1,1,1
60,1,1512,931,356,721,1,1,1
61,1,1504,929,368,720,1,1,1
62,1,1511,933,353,721,1,1,1
63,1,1518,937,338,723,1,1,1
64,1,1525,941,323,725,1,1,1
65,1,1532,945,308,727,1,1,1
66,1,1539,950,293,728,1,1,1
67,1,1546,954,278,730,1,1,1
68,1,1553,958,263,732,1,1,1
69,1,1560,962,248,734,1,1,1
70,1,1567,966,233,736,1,1,1
71,1,1574,971,218,737,1,1,1
72,1,1563,967,234,735,1,1,1
73,1,1553,963,249,733,1,1,1
74,1,1542,959,265,731,1,1,1
75,1,1532,955,281,729,1,1,1
76,1,1522,952,296,726,1,1,1
77,1,1511,948,312,724,1,1,1
78,1,1501,944,328,722,1,1,1
79,1,1490,940,344,720,1,1,1
80,1,1480,936,359,718,1,1,1
81,1,1470,933,375,715,1,1,1
82,1,1483,934,360,716,1,1,1
83,1,1496,936,346,717,1,1,1
84,1,1509,938,332,718,1,1,1
85,1,1522,939,318,720,1,1,1
86,1,1535,941,304,721,1,1,1
87,1,1548,943,289,721,1,1,1
88,1,1561,944,275,723,1,1,1
89,1,1574,946,261,724,1,1,1
90,1,1587,948,247,725,1,1,1
91,1,1600,950,233,726,1,1,1
92,1,1612,949,242,724,1,1,1
93,1,1625,949,250,722,1,1,1
94,1,1637,948,259,721,1,1,1
95,1,1650,948,267,719,1,1,1
96,1,1663,947,276,718,1,1,1
97,1,1675,947,285,716,1,1,1
98,1,1688,946,293,715,1,1,1
99,1,1700,946,302,713,1,1,1
100,1,1713,945,310,712,1,1,1
101,1,1726,945,319,710,1,1,1
102,1,1743,943,320,709,1,1,1
103,1,1761,942,320,708,1,1,1
104,1,1778,941,321,707,1,1,1
105,1,1796,940,321,705,1,1,1
106,1,1814,939,321,704,1,1,1
107,1,1831,938,322,703,1,1,1
108,1,1849,937,322,701,1,1,1
109,1,1866,936,323,700,1,1,1
110,1,1884,935,323,699,1,1,1
111,1,1902,934,324,698,1,1,1
112,1,1920,931,315,699,1,1,1
113,1,1939,929,306,700,1,1,1
114,1,1957,926,297,701,1,1,1
115,1,1976,924,288,702,1,1,1
116,1,1994,921,279,704,1,1,1
117,1,2013,919,270,704,1,1,1
118,1,2031,916,261,706,1,1,1
119,1,2050,914,252,706,1,1,1
120,1,2068,911,243,708,1,1,1
121,1,2087,909,234,709,1,1,1
122,1,2053,908,249,706,1,1,1
123,1,2020,907,264,704,1,1,1
124,1,1987,907,278,701,1,1,1
125,1,1954,906,293,699,1,1,1
126,1,1921,906,308,696,1,1,1
127,1,1888,905,322,693,1,1,1
128,1,1855,904,337,691,1,1,1
129,1,1822,904,351,688,1,1,1
130,1,1789,903,366,686,1,1,1
131,1,1756,903,381,683,1,1,1
132,1,1747,906,373,684,1,1,1
133,1,1738,909,365,686,1,1,1
134,1,1729,913,358,686,1,1,1
135,1,1720,916,350,688,1,1,1
136,1,1711,919,343,690,1,1,1
137,1,1702,923,335,690,1,1,1
138,1,1693,926,328,692,1,1,1
139,1,1684,929,320,694,1,1,1
140,1,1675,933,313,694,1,1,1
141,1,1666,936,305,696,1,1,1
142,1,1657,939,297,698,1,1,1
143,1,1648,943,290,698,1,1,1
144,1,1639,946,282,700,1,1,1
145,1,1630,949,275,702,1,1,1
146,1,1621,953,267,702,1,1,1
147,1,1612,956,260,704,1,1,1
148,1,1603,959,252,706,1,1,1
149,1,1594,963,245,706,1,1,1
150,1,1585,966,237,708,1,1,1
151,1,1577,970,229,709,1,1,1
152,1,1574,968,234,713,1,1,1
153,1,1571,967,239,716,1,1,1
154,1,1568,966,244,719,1,1,1
155,1,1565,965,249,722,1,1,1
156,1,1562,964,254,725,1,1,1
157,1,1559,962,259,729,1,1,1
158,1,1556,961,264,732,1,1,1
159,1,1553,960,269,735,1,1,1
160,1,1550,959,274,738,1,1,1
161,1,1547,958,279,742,1,1,1
162,1,1551,955,276,745,1,1,1
163,1,1556,953,272,748,1,1,1
164,1,1560,950,269,752,1,1,1
165,1,1565,948,265,755,1,1,1
166,1,1569,946,263,758,1,1,1
167,1,1574,943,259,762,1,1,1
168,1,1578,941,256,765,1,1,1
169,1,1583,938,252,769,1,1,1
170,1,1587,936,249,772,1,1,1
171,1,1592,934,246,775,1,1,1
172,1,1583,933,254,777,1,1,1
173,1,1574,933,262,778,1,1,1
174,1,1566,933,269,779,1,1,1
175,1,1557,932,277,782,1,1,1
176,1,1549,932,284,783,1,1,1
177,1,1540,932,292,784,1,1,1
178,1,1531,931,300,787,1,1,1
179,1,1523,931,307,788,1,1,1
180,1,1514,931,315,789,1,1,1
181,1,1506,931,323,791,1,1,1
182,1,1503,929,321,798,1,1,1
183,1,1501,928,318,804,1,1,1
184,1,1499,927,315,810,1,1,1
185,1,1496,926,314,816,1,1,1
186,1,1494,925,311,823,1,1,1
187,1,1492,924,308,829,1,1,1
188,1,1489,923,307,835,1,1,1
189,1,1487,922,304,841,1,1,1
190,1,1485,921,301,847,1,1,1
191,1,1483,920,299,854,1,1,1
192,1,1472,916,304,858,1,1,1
193,1,1461,913,309,861,1,1,1
194,1,1450,909,314,866,1,1,1
195,1,1440,906,318,869,1,1,1
196,1,1429,903,323,873,1,1,1
197,1,1418,899,328,877,1,1,1
198,1,1408,896,332,880,1,1,1
199,1,1397,892,337,885,1,1,1
200,1,1386,889,342,888,1,1,1
201,1,1376,886,347,892,1,1,1
202,1,1376,880,357,894,1,1,1
203,1,1377,875,366,895,1,1,1
204,1,1378,870,375,897,1,1,1
205,1,1379,864,384,899,1,1,1
206,1,1380,859,393,901,1,1,1
207,1,1380,854,403,902,1,1,1
208,1,1381,848,412,904,1,1,1
209,1,1382,843,421,906,1,1,1
210,1,1383,838,430,907,1,1,1
211,1,1384,833,440,909,1,1,1
212,1,1393,831,432,911,1,1,1
213,1,1403,830,423,913,1,1,1
214,1,1413,829,414,914,1,1,1
215,1,1423,828,405,916,1,1,1
216,1,1433,827,396,918,1,1,1
217,1,1442,825,388,920,1,1,1
218,1,1452,824,379,922,1,1,1
219,1,1462,823,370,923,1,1,1
220,1,1472,822,361,925,1,1,1
221,1,1482,821,352,927,1,1,1
222,1,1465,819,369,927,1,1,1
223,1,1448,817,387,928,1,1,1
224,1,1431,815,405,929,1,1,1
225,1,1414,813,422,929,1,1,1
226,1,1398,811,439,930,1,1,1
227,1,1381,809,457,931,1,1,1
228,1,1364,807,474,931,1,1,1
229,1,1347,805,492,932,1,1,1
230,1,1330,803,510,933,1,1,1
231,1,1314,801,527,934,1,1,1
232,1,1314,797,504,939,1,1,1
233,1,1315,794,480,943,1,1,1
234,1,1316,791,456,947,1,1,1
235,1,1317,787,432,952,1,1,1
236,1,1318,784,408,957,1,1,1
237,1,1318,781,385,961,1,1,1
238,1,1319,777,361,966,1,1,1
239,1,1320,774,337,970,1,1,1
240,1,1321,771,313,974,1,1,1
241,1,1322,768,290,979,1,1,1
242,1,1290,776,302,976,1,1,1
243,1,1258,784,314,974,1,1,1
244,1,1227,792,325,972,1,1,1
245,1,1195,800,337,970,1,1,1
246,1,1164,808,348,968,1,1,1
247,1,1132,816,360,966,1,1,1
248,1,1100,824,372,964,1,1,1
249,1,1069,832,383,962,1,1,1
250,1,1037,840,395,960,1,1,1
251,1,1006,848,407,958,1,1,1
252,1,1015,845,403,955,1,1,1
253,1,1025,842,399,952,1,1,1
254,1,1034,839,396,949,1,1,1
255,1,1044,837,392,945,1,1,1
256,1,1054,834,388,942,1,1,1
257,1,1063,831,385,939,1,1,1
258,1,1073,829,381,935,1,1,1
259,1,1082,826,378,932,1,1,1
260,1,1092,823,374,929,1,1,1
261,1,1102,821,370,925,1,1,1
262,1,1100,820,362,921,1,1,1
263,1,1099,820,354,917,1,1,1
264,1,1098,819,346,914,1,1,1
265,1,1097,819,338,909,1,1,1
266,1,1096,819,330,905,1,1,1
267,1,1094,818,322,902,1,1,1
268,1,1093,818,314,897,1,1,1
269,1,1092,817,306,894,1,1,1
270,1,1091,817,298,890,1,1,1
271,1,1090,817,290,886,1,1,1
272,1,1066,817,296,886,1,1,1
273,1,1043,817,302,886,1,1,1
274,1,1020,817,308,887,1,1,1
275,1,996,817,315,887,1,1,1
276,1,973,817,321,888,1,1,1
277,1,950,817,327,888,1,1,1
278,1,926,817,334,888,1,1,1
279,1,903,817,340,889,1,1,1
280,1,880,817,346,889,1,1,1
281,1,857,817,352,890,1,1,1
282,1,849,819,344,891,1,1,1
283,1,842,821,336,893,1,1,1
284,1,834,823,329,894,1,1,1
285,1,827,825,321,896,1,1,1
286,1,819,827,314,897,1,1,1
287,1,812,829,305,899,1,1,1
288,1,804,831,298,900,1,1,1
289,1,797,833,290,902,1,1,1
290,1,789,835,283,903,1,1,1
291,1,782,837,275,905,1,1,1
292,1,790,840,286,897,1,1,1
293,1,798,844,298,889,1,1,1
294,1,807,847,308,882,1,1,1
295,1,815,851,320,873,1,1,1
296,1,824,854,331,866,1,1,1
297,1,832,858,342,858,1,1,1
298,1,840,861,354,850,1,1,1
299,1,849,865,364,842,1,1,1
300,1,857,868,376,835,1,1,1
301,1,866,872,387,827,1,1,1
302,1,885,865,373,829,1,1,1
303,1,904,858,359,831,1,1,1
304,1,923,851,345,833,1,1,1
305,1,942,844,331,835,1,1,1
306,1,961,837,317,838,1,1,1
307,1,980,830,303,840,1,1,1
308,1,999,823,289,842,1,1,1
309,1,1018,816,275,844,1,1,1
310,1,1037,809,261,846,1,1,1
311,1,1056,803,248,848,1,1,1
312,1,1046,806,260,847,1,1,1
313,1,1036,809,273,847,1,1,1
314,1,1026,812,286,846,1,1,1
315,1,1016,816,299,845,1,1,1
316,1,1007,819,311,844,1,1,1
317,1,997,822,323,844,1,1,1
318,1,987,826,336,842,1,1,1
319,1,977,829,349,842,1,1,1
320,1,967,832,362,841,1,1,1
321,1,958,836,374,840,1,1,1
322,1,956,832,362,842,1,1,1
323,1,954,829,351,844,1,1,1
324,1,952,825,339,847,1,1,1
325,1,950,822,328,848,1,1,1
326,1,948,818,317,851,1,1,1
327,1,946,815,305,853,1,1,1
328,1,944,811,294,855,1,1,1
329,1,942,808,282,857,1,1,1
330,1,940,804,271,860,1,1,1
331,1,938,801,260,862,1,1,1
332,1,929,803,276,860,1,1,1
333,1,920,805,293,858,1,1,1
334,1,911,808,310,855,1,1,1
335,1,902,810,327,853,1,1,1
336,1,893,813,344,851,1,1,1
337,1,884,815,360,849,1,1,1
338,1,875,817,377,847,1,1,1
339,1,866,820,394,844,1,1,1
340,1,857,822,411,842,1,1,1
341,1,848,825,428,840,1,1,1
342,1,871,822,412,842,1,1,1
343,1,894,820,396,844,1,1,1
344,1,917,818,380,845,1,1,1
345,1,940,815,364,848,1,1,1
346,1,964,813,347,849,1,1,1
347,1,987,811,331,851,1,1,1
348,1,1010,808,315,853,1,1,1
349,1,1033,806,299,855,1,1,1
350,1,1056,804,283,856,1,1,1
351,1,1080,802,267,858,1,1,1
352,1,1080,802,270,856,1,1,1
353,1,1080,803,274,853,1,1,1
354,1,1080,804,277,850,1,1,1
355,1,1081,804,280,849,1,1,1
356,1,1081,805,284,846,1,1,1
357,1,1081,806,287,843,1,1,1
358,1,1082,806,290,842,1,1,1
359,1,1082,807,293,839,1,1,1
360,1,1082,808,297,836,1,1,1
361,1,1083,809,300,834,1,1,1
362,1,1077,811,312,836,1,1,1
363,1,1072,813,324,838,1,1,1
364,1,1066,815,337,840,1,1,1
365,1,1061,817,349,842,1,1,1
366,1,1055,819,362,845,1,1,1
367,1,1050,821,373,847,1,1,1
368,1,1044,823,386,849,1,1,1
369,1,1039,825,398,851,1,1,1
370,1,1033,827,411,853,1,1,1
371,1,1028,829,423,856,1,1,1
372,1,1038,827,408,860,1,1,1
373,1,1048,825,393,865,1,1,1
374,1,1058,823,378,870,1,1,1
375,1,1068,821,364,874,1,1,1
376,1,1078,819,349,879,1,1,1
377,1,1088,817,334,884,1,1,1
378,1,1098,815,320,888,1,1,1
379,1,1108,813,305,893,1,1,1
380,1,1118,811,290,898,1,1,1
381,1,1128,809,276,903,1,1,1
382,1,1123,813,295,900,1,1,1
383,1,1119,818,313,896,1,1,1
384,1,1115,822,331,893,1,1,1
385,1,1111,827,349,889,1,1,1
386,1,1107,831,368,886,1,1,1
387,1,1102,836,387,882,1,1,1
388,1,1098,840,405,879,1,1,1
389,1,1094,845,423,875,1,1,1
390,1,1090,849,441,872,1,1,1
391,1,1086,854,460,869,1,1,1
392,1,1101,844,442,874,1,1,1
393,1,1116,834,424,880,1,1,1
394,1,1132,824,405,885,1,1,1
395,1,1147,814,388,891,1,1,1
396,1,1163,805,369,896,1,1,1
397,1,1178,795,351,901,1,1,1
398,1,1193,785,334,907,1,1,1
399,1,1209,775,315,912,1,1,1
400,1,1224,765,297,918,1,1,1
401,1,1240,756,279,923,1,1,1
402,1,1224,759,299,921,1,1,1
403,1,1208,763,320,918,1,1,1
404,1,1192,767,341,916,1,1,1
405,1,1176,771,361,913,1,1,1
406,1,1161,775,381,911,1,1,1
407,1,1145,778,402,909,1,1,1
408,1,1129,782,422,906,1,1,1
409,1,1113,786,443,904,1,1,1
410,1,1097,790,464,901,1,1,1
411,1,1082,794,484,899,1,1,1
412,1,1096,791,472,902,1,1,1
413,1,1111,788,459,906,1,1,1
414,1,1125,785,447,909,1,1,1
415,1,1140,782,434,913,1,1,1
416,1,1154,779,422,917,1,1,1
417,1,1169,776,409,920,1,1,1
418,1,1183,773,397,924,1,1,1
419,1,1198,770,384,927,1,1,1
420,1,1212,767,372,931,1,1,1
421,1,1227,764,359,935,1,1,1
422,1,1225,765,356,934,1,1,1
423,1,1223,767,354,932,1,1,1
424,1,1221,769,352,931,1,1,1
425,1,1219,771,350,929,1,1,1
426,1,1217,773,348,928,1,1,1
427,1,1215,775,345,926,1,1,1
428,1,1213,777,343,924,1,1,1
429,1,1211,779,341,923,1,1,1
430,1,1209,781,339,921,1,1,1
431,1,1208,783,336,920,1,1,1
432,1,1212,779,350,916,1,1,1
433,1,1217,775,363,912,1,1,1
434,1,1222,771,376,908,1,1,1
435,1,1227,767,389,905,1,1,1
436,1,1232,764,403,900,1,1,1
437,1,1236,760,417,896,1,1,1
438,1,1241,756,430,893,1,1,1
439,1,1246,752,443,889,1,1,1
440,1,1251,748,456,885,1,1,1
441,1,1256,745,470,881,1,1,1
442,1,1268,740,450,887,1,1,1
443,1,1281,735,430,894,1,1,1
444,1,1294,730,410,901,1,1,1
445,1,1306,726,391,907,1,1,1
446,1,1319,721,371,914,1,1,1
447,1,1332,716,351,920,1,1,1
448,1,1344,712,332,926,1,1,1
449,1,1357,707,312,933,1,1,1
450,1,1370,702,292,940,1,1,1
451,1,1383,698,272,946,1,1,1
452,1,1365,702,291,943,1,1,1
453,1,1347,707,311,940,1,1,1
454,1,1329,711,331,937,1,1,1
455,1,1311,716,351,934,1,1,1
456,1,1293,721,371,931,1,1,1
457,1,1275,725,391,928,1,1,1
458,1,1257,730,411,925,1,1,1
459,1,1239,734,431,922,1,1,1
460,1,1221,739,451,919,1,1,1
461,1,1204,744,470,916,1,1,1
462,1,1213,749,457,919,1,1,1
463,1,1222,754,444,923,1,1,1
464,1,1231,759,431,926,1,1,1
465,1,1240,764,418,930,1,1,1
466,1,1249,770,405,933,1,1,1
467,1,1258,775,392,936,1,1,1
468,1,1267,780,379,940,1,1,1
469,1,1276,785,366,943,1,1,1
470,1,1285,790,353,947,1,1,1
471,1,1295,796,340,950,1,1,1
472,1,1296,797,343,947,1,1,1
473,1,1298,798,346,944,1,1,1
474,1,1299,800,350,940,1,1,1
475,1,1301,801,352,937,1,1,1
476,1,1302,803,356,933,1,1,1
477,1,1304,804,359,930,1,1,1
478,1,1305,805,362,927,1,1,1
479,1,1307,807,365,923,1,1,1
480,1,1308,808,369,920,1,1,1
481,1,1310,810,372,917,1,1,1
482,1,1315,808,371,915,1,1,1
483,1,1321,806,369,914,1,1,1
484,1,1327,804,367,913,1,1,1
485,1,1333,802,366,912,1,1,1
486,1,1339,800,364,911,1,1,1
487,1,1345,798,362,910,1,1,1
488,1,1351,796,361,909,1,1,1
489,1,1357,794,359,908,1,1,1
490,1,1363,792,357,907,1,1,1
491,1,1369,790,356,906,1,1,1
492,1,1355,790,349,907,1,1,1
493,1,1341,791,343,908,1,1,1
494,1,1327,792,337,909,1,1,1
495,1,1313,793,331,910,1,1,1
496,1,1299,794,325,911,1,1,1
497,1,1285,795,318,912,1,1,1
498,1,1271,796,312,913,1,1,1
499,1,1257,797,306,914,1,1,1
500,1,1243,798,300,915,1,1,1
501,1,1230,799,293,916,1,1,1
502,1,1207,799,311,915,1,1,1
503,1,1184,800,329,913,1,1,1
504,1,1161,800,347,912,1,1,1
505,1,1138,801,365,910,1,1,1
506,1,1116,801,382,910,1,1,1
507,1,1093,802,400,908,1,1,1
508,1,1070,802,418,907,1,1,1
509,1,1047,803,436,905,1,1,1
510,1,1024,803,454,904,1,1,1
511,1,1002,804,472,903,1,1,1
512,1,1010,804,454,904,1,1,1
513,1,1019,804,435,906,1,1,1
514,1,1028,805,416,907,1,1,1
515,1,1037,805,397,909,1,1,1
516,1,1046,806,378,910,1,1,1
517,1,1054,806,360,912,1,1,1
518,1,1063,806,341,914,1,1,1
519,1,1072,807,322,915,1,1,1
520,1,1081,807,303,917,1,1,1
521,1,1090,808,284,918,1,1,1
522,1,1097,808,291,915,1,1,1
523,1,1105,809,298,912,1,1,1
524,1,1113,810,305,908,1,1,1
525,1,1120,811,313,905,1,1,1
526,1,1128,812,320,901,1,1,1
527,1,1136,812,327,899,1,1,1
528,1,1143,813,335,895,1,1,1
529,1,1151,814,342,892,1,1,1
530,1,1159,815,349,888,1,1,1
531,1,1167,816,356,885,1,1,1
532,1,1163,816,357,884,1,1,1
533,1,1160,817,358,883,1,1,1
534,1,1156,818,360,882,1,1,1
535,1,1153,818,360,882,1,1,1
536,1,1150,819,361,881,1,1,1
537,1,1146,820,363,879,1,1,1
538,1,1143,820,363,879,1,1,1
539,1,1139,821,365,878,1,1,1
540,1,1136,822,366,877,1,1,1
541,1,1133,823,367,876,1,1,1
542,1,1122,824,367,875,1,1,1
543,1,1111,826,367,874,1,1,1
544,1,1100,828,367,872,1,1,1
545,1,1089,829,367,872,1,1,1
546,1,1078,831,368,870,1,1,1
547,1,1067,833,368,869,1,1,1
548,1,1056,834,368,868,1,1,1
549,1,1045,836,368,867,1,1,1
550,1,1034,838,368,865,1,1,1
551,1,1024,840,368,864,1,1,1
552,1,1027,846,367,865,1,1,1
553,1,1030,852,366,866,1,1,1
554,1,1033,859,365,866,1,1,1
555,1,1036,865,364,868,1,1,1
556,1,1040,872,362,868,1,1,1
557,1,1043,878,361,869,1,1,1
558,1,1046,884,360,871,1,1,1
559,1,1049,891,359,871,1,1,1
560,1,1052,897,358,872,1,1,1
561,1,1056,904,357,873,1,1,1
562,1,1071,900,349,869,1,1,1
563,1,1086,896,341,865,1,1,1
564,1,1101,893,333,860,1,1,1
565,1,1116,889,325,856,1,1,1
566,1,1132,886,316,852,1,1,1
567,1,1147,882,308,848,1,1,1
568,1,1162,878,300,844,1,1,1
569,1,1177,875,292,839,1,1,1
570,1,1192,871,284,835,1,1,1
571,1,1208,868,275,831,1,1,1
572,1,1195,867,290,831,1,1,1
573,1,1182,866,305,831,1,1,1
574,1,1169,865,320,831,1,1,1
575,1,1156,864,336,831,1,1,1
576,1,1144,863,350,831,1,1,1
577,1,1131,862,365,831,1,1,1
578,1,1118,861,381,831,1,1,1
579,1,1105,860,396,831,1,1,1
580,1,1092,859,411,831,1,1,1
81,3,3181,1115,431,1100,1,1,1
82,3,3154,1113,427,1092,1,1,1
83,3,3127,1112,423,1083,1,1,1
84,3,3100,1111,419,1074,1,1,1
85,3,3073,1110,415,1065,1,1,1
86,3,3047,1109,410,1056,1,1,1
87,3,3020,1108,406,1047,1,1,1
88,3,2993,1107,402,1038,1,1,1
89,3,2966,1106,398,1029,1,1,1
90,3,2939,1105,394,1020,1,1,1
91,3,2913,1104,389,1011,1,1,1
92,3,2899,1105,400,1007,1,1,1
93,3,2886,1107,410,1002,1,1,1
94,3,2873,1109,420,997,1,1,1
95,3,2860,1111,430,992,1,1,1
96,3,2847,1113,441,988,1,1,1
97,3,2834,1114,451,984,1,1,1
98,3,2821,1116,461,979,1,1,1
99,3,2808,1118,471,974,1,1,1
100,3,2795,1120,481,969,1,1,1
101,3,2782,1122,492,965,1,1,1
102,3,2765,1116,485,964,1,1,1
103,3,2749,1111,478,962,1,1,1
104,3,2733,1106,471,960,1,1,1
105,3,2717,1101,463,958,1,1,1
106,3,2701,1096,456,957,1,1,1
107,3,2685,1090,449,956,1,1,1
108,3,2669,1085,441,954,1,1,1
109,3,2653,1080,434,952,1,1,1
110,3,2637,1075,427,950,1,1,1
111,3,2621,1070,420,949,1,1,1
112,3,2609,1065,419,944,1,1,1
113,3,2597,1060,419,939,1,1,1
114,3,2585,1055,419,934,1,1,1
115,3,2573,1050,418,929,1,1,1
116,3,2562,1046,417,923,1,1,1
117,3,2550,1041,417,918,1,1,1
118,3,2538,1036,416,913,1,1,1
119,3,2526,1031,416,908,1,1,1
120,3,2514,1026,416,903,1,1,1
121,3,2503,1022,415,898,1,1,1
122,3,2453,1019,413,895,1,1,1
123,3,2404,1017,410,891,1,1,1
124,3,2354,1015,408,887,1,1,1
125,3,2305,1013,405,883,1,1,1
126,3,2256,1011,402,879,1,1,1
127,3,2206,1009,400,875,1,1,1
128,3,2157,1007,397,871,1,1,1
129,3,2107,1005,395,867,1,1,1
130,3,2058,1003,392,863,1,1,1
131,3,2009,1001,389,859,1,1,1
132,3,1968,1004,385,852,1,1,1
133,3,1928,1008,381,845,1,1,1
134,3,1887,1012,377,837,1,1,1
135,3,1847,1016,373,830,1,1,1
136,3,1806,1020,370,823,1,1,1
137,3,1766,1024,365,815,1,1,1
138,3,1725,1028,362,808,1,1,1
139,3,1685,1032,357,800,1,1,1
140,3,1644,1036,354,793,1,1,1
141,3,1604,1040,350,786,1,1,1
142,3,1571,1038,351,785,1,1,1
143,3,1538,1037,353,784,1,1,1
144,3,1505,1036,355,782,1,1,1
145,3,1473,1034,356,782,1,1,1
146,3,1440,1033,358,781,1,1,1
147,3,1407,1032,359,779,1,1,1
148,3,1375,1030,360,779,1,1,1
149,3,1342,1029,362,777,1,1,1
150,3,1309,1028,364,776,1,1,1
151,3,1277,1027,365,775,1,1,1
152,3,1258,1027,369,774,1,1,1
153,3,1239,1027,373,773,1,1,1
154,3,1220,1027,377,773,1,1,1
155,3,1201,1027,382,772,1,1,1
156,3,1183,1027,385,772,1,1,1
157,3,1164,1027,389,771,1,1,1
158,3,1145,1027,394,770,1,1,1
159,3,1126,1027,398,770,1,1,1
160,3,1107,1027,402,769,1,1,1
161,3,1089,1027,406,769,1,1,1
162,3,1082,1024,397,761,1,1,1
163,3,1075,1021,389,754,1,1,1
164,3,1068,1018,381,746,1,1,1
165,3,1061,1015,373,739,1,1,1
166,3,1054,1013,365,730,1,1,1
167,3,1047,1010,357,723,1,1,1
168,3,1040,1007,349,715,1,1,1
169,3,1033,1004,341,708,1,1,1
170,3,1026,1001,333,700,1,1,1
171,3,1020,999,324,692,1,1,1
172,3,1001,997,326,690,1,1,1
173,3,982,996,329,687,1,1,1
174,3,964,994,331,685,1,1,1
175,3,945,993,334,682,1,1,1
176,3,927,991,336,680,1,1,1
177,3,908,990,339,677,1,1,1
178,3,889,988,342,675,1,1,1
179,3,871,987,344,672,1,1,1
180,3,852,985,347,670,1,1,1
181,3,834,984,349,667,1,1,1
182,3,813,981,350,669,1,1,1
183,3,793,979,350,670,1,1,1
184,3,773,976,351,672,1,1,1
185,3,753,974,351,673,1,1,1
186,3,733,971,352,675,1,1,1
187,3,712,969,353,676,1,1,1
188,3,692,966,353,678,1,1,1
189,3,672,964,354,679,1,1,1
190,3,652,961,354,681,1,1,1
191,3,632,959,355,682,1,1,1
192,3,618,958,352,677,1,1,1
193,3,605,957,349,672,1,1,1
194,3,591,956,347,667,1,1,1
195,3,578,955,344,662,1,1,1
196,3,564,954,342,657,1,1,1
197,3,551,953,338,652,1,1,1
198,3,537,952,336,647,1,1,1
199,3,524,951,333,642,1,1,1
200,3,510,950,331,637,1,1,1
201,3,497,949,328,633,1,1,1
202,3,484,942,327,631,1,1,1
203,3,472,935,325,630,1,1,1
204,3,460,928,323,629,1,1,1
205,3,448,921,321,627,1,1,1
206,3,436,914,320,626,1,1,1
207,3,424,907,318,625,1,1,1
208,3,412,900,316,623,1,1,1
209,3,400,893,314,622,1,1,1
210,3,388,886,312,621,1,1,1
211,3,376,880,311,619,1,1,1
212,3,374,879,309,614,1,1,1
213,3,372,878,307,610,1,1,1
214,3,370,877,305,606,1,1,1
215,3,368,876,304,601,1,1,1
216,3,366,875,302,597,1,1,1
217,3,364,874,300,593,1,1,1
218,3,362,873,299,588,1,1,1
219,3,360,872,297,584,1,1,1
220,3,358,871,295,580,1,1,1
221,3,357,870,293,576,1,1,1
222,3,335,868,294,576,1,1,1
223,3,314,866,294,577,1,1,1
224,3,293,864,294,578,1,1,1
225,3,271,862,295,579,1,1,1
226,3,250,861,296,579,1,1,1
227,3,229,859,296,579,1,1,1
228,3,207,857,297,580,1,1,1
229,3,186,855,297,581,1,1,1
230,3,165,853,297,582,1,1,1
231,3,144,852,298,582,1,1,1
232,3,129,847,287,583,1,1,1
233,3,115,842,275,584,1,1,1
234,3,100,837,264,586,1,1,1
235,3,86,832,253,587,1,1,1
236,3,72,827,241,589,1,1,1
237,3,57,822,230,590,1,1,1
238,3,43,817,219,591,1,1,1
239,3,28,812,208,593,1,1,1
240,3,14,807,196,594,1,1,1
241,3,0,802,185,596,1,1,1
1,4,1987,1074,157,407,1,1,1
2,4,1991,1076,158,406,1,1,1
3,4,1995,1078,160,405,1,1,1
4,4,1999,1080,162,404,1,1,1
5,4,2003,1082,164,403,1,1,1
6,4,2007,1085,166,401,1,1,1
7,4,2011,1087,167,400,1,1,1
8,4,2015,1089,169,399,1,1,1
9,4,2019,1091,171,398,1,1,1
10,4,2023,1093,173,397,1,1,1
11,4,2027,1096,175,395,1,1,1
12,4,2036,1095,173,395,1,1,1
13,4,2046,1094,171,396,1,1,1
14,4,2056,1094,168,396,1,1,1
15,4,2065,1093,167,397,1,1,1
16,4,2075,1093,164,397,1,1,1
17,4,2085,1092,162,398,1,1,1
18,4,2094,1091,160,399,1,1,1
19,4,2104,1091,158,399,1,1,1
20,4,2114,1090,155,400,1,1,1
21,4,2124,1090,153,400,1,1,1
22,4,2125,1089,156,402,1,1,1
23,4,2127,1089,158,404,1,1,1
24,4,2129,1089,160,406,1,1,1
25,4,2130,1089,163,408,1,1,1
26,4,2132,1089,165,410,1,1,1
27,4,2134,1089,167,412,1,1,1
28,4,2135,1089,170,414,1,1,1
29,4,2137,1089,172,416,1,1,1
30,4,2139,1089,174,418,1,1,1
31,4,2141,1089,176,420,1,1,1
32,4,2140,1086,173,420,1,1,1
33,4,2139,1084,170,419,1,1,1
34,4,2139,1082,166,418,1,1,1
35,4,2138,1080,164,417,1,1,1
36,4,2138,1078,160,417,1,1,1
37,4,2137,1075,157,417,1,1,1
38,4,2136,1073,155,416,1,1,1
39,4,2136,1071,151,415,1,1,1
40,4,2135,1069,148,414,1,1,1
41,4,2135,1067,145,414,1,1,1
42,4,2137,1060,151,415,1,1,1
43,4,2139,1053,157,416,1,1,1
44,4,2142,1046,162,417,1,1,1
45,4,2144,1039,168,419,1,1,1
46,4,2147,1032,173,420,1,1,1
47,4,2149,1025,179,421,1,1,1
48,4,2151,1018,185,423,1,1,1
49,4,2154,1011,190,424,1,1,1
50,4,2156,1004,196,425,1,1,1
51,4,2159,998,201,426,1,1,1
52,4,2151,995,198,426,1,1,1
53,4,2143,993,196,425,1,1,1
54,4,2135,990,193,425,1,1,1
55,4,2127,988,191,425,1,1,1
56,4,2120,985,188,425,1,1,1
57,4,2112,983,185,424,1,1,1
58,4,2104,980,183,425,1,1,1
59,4,2096,978,180,424,1,1,1
60,4,2088,975,178,424,1,1,1
61,4,2081,973,175,424,1,1,1
62,4,2075,980,177,426,1,1,1
63,4,2069,988,179,427,1,1,1
64,4,2063,995,182,430,1,1,1
65,4,2057,1003,184,431,1,1,1
66,4,2052,1010,186,434,1,1,1
67,4,2046,1018,188,435,1,1,1
68,4,2040,1025,190,437,1,1,1
69,4,2034,1033,193,439,1,1,1
70,4,2028,1040,195,441,1,1,1
71,4,2023,1048,197,443,1,1,1
72,4,2021,1042,195,443,1,1,1
73,4,2019,1036,194,444,1,1,1
74,4,2017,1031,192,443,1,1,1
75,4,2015,1025,191,444,1,1,1
76,4,2013,1020,189,443,1,1,1
77,4,2011,1014,188,444,1,1,1
78,4,2009,1008,186,444,1,1,1
79,4,2007,1003,185,444,1,1,1
80,4,2005,997,183,444,1,1,1
81,4,2004,992,181,444,1,1,1
82,4,2001,995,185,446,1,1,1
83,4,1998,998,190,448,1,1,1
84,4,1995,1001,194,450,1,1,1
85,4,1992,1004,199,452,1,1,1
86,4,1990,1007,202,454,1,1,1
87,4,1987,1010,207,456,1,1,1
88,4,1984,1013,211,458,1,1,1
89,4,1981,1016,216,460,1,1,1
90,4,1978,1019,220,462,1,1,1
91,4,1976,1023,224,463,1,1,1
92,4,1995,1019,219,467,1,1,1
93,4,2014,1016,215,470,1,1,1
94,4,2033,1013,210,473,1,1,1
95,4,2053,1010,205,476,1,1,1
96,4,2072,1007,201,479,1,1,1
97,4,2091,1004,196,482,1,1,1
98,4,2111,1001,191,485,1,1,1
99,4,2130,998,186,488,1,1,1
100,4,2149,995,182,491,1,1,1
101,4,2169,992,177,494,1,1,1
102,4,2178,990,180,497,1,1,1
103,4,2188,989,182,499,1,1,1
104,4,2198,988,184,501,1,1,1
105,4,2208,987,186,503,1,1,1
106,4,2218,986,188,506,1,1,1
107,4,2228,984,190,509,1,1,1
108,4,2238,983,192,511,1,1,1
109,4,2248,982,194,513,1,1,1
110,4,2258,981,196,515,1,1,1
111,4,2268,980,198,518,1,1,1
112,4,2279,979,199,517,1,1,1
113,4,2291,978,200,517,1,1,1
114,4,2302,977,201,516,1,1,1
115,4,2314,977,202,515,1,1,1
116,4,2326,976,202,514,1,1,1
117,4,2337,975,204,514,1,1,1
118,4,2349,975,204,512,1,1,1
119,4,2360,974,206,512,1,1,1
120,4,2372,973,206,511,1,1,1
121,4,2384,973,207,510,1,1,1
122,4,2358,973,209,512,1,1,1
123,4,2333,974,211,513,1,1,1
124,4,2308,974,213,516,1,1,1
125,4,2283,975,214,517,1,1,1
126,4,2257,976,217,519,1,1,1
127,4,2232,976,219,521,1,1,1
128,4,2207,977,220,522,1,1,1
129,4,2182,978,222,524,1,1,1
130,4,2156,978,225,526,1,1,1
131,4,2131,979,227,528,1,1,1
132,4,2106,980,228,529,1,1,1
133,4,2081,980,230,531,1,1,1
134,4,2055,981,233,533,1,1,1
135,4,2030,982,234,534,1,1,1
136,4,2005,982,236,537,1,1,1
137,4,1980,983,238,538,1,1,1
138,4,1954,984,240,539,1,1,1
139,4,1929,984,242,542,1,1,1
140,4,1904,985,244,543,1,1,1
141,4,1879,986,246,545,1,1,1
142,4,1866,987,243,548,1,1,1
143,4,1854,988,239,551,1,1,1
144,4,1842,989,235,554,1,1,1
145,4,1830,990,231,558,1,1,1
146,4,1818,992,227,560,1,1,1
147,4,1805,993,224,563,1,1,1
148,4,1793,994,220,567,1,1,1
149,4,1781,995,216,570,1,1,1
150,4,1769,996,212,573,1,1,1
151,4,1757,998,209,576,1,1,1
152,4,1752,996,218,576,1,1,1
153,4,1748,995,226,575,1,1,1
154,4,1743,993,235,575,1,1,1
155,4,1739,992,243,574,1,1,1
156,4,1735,990,251,575,1,1,1
157,4,1730,989,260,574,1,1,1
158,4,1726,987,268,574,1,1,1
159,4,1721,986,277,573,1,1,1
160,4,1717,984,285,573,1,1,1
161,4,1713,983,294,573,1,1,1
162,4,1721,982,288,575,1,1,1
163,4,1729,981,283,577,1,1,1
164,4,1737,980,277,579,1,1,1
165,4,1745,979,272,581,1,1,1
166,4,1753,978,266,584,1,1,1
167,4,1761,977,261,586,1,1,1
168,4,1769,976,255,588,1,1,1
169,4,1777,975,250,590,1,1,1
170,4,1785,974,244,592,1,1,1
171,4,1794,974,238,594,1,1,1
172,4,1791,972,239,596,1,1,1
173,4,1788,971,240,597,1,1,1
174,4,1785,970,241,598,1,1,1
175,4,1782,969,242,599,1,1,1
176,4,1779,968,243,601,1,1,1
177,4,1776,967,244,602,1,1,1
178,4,1773,966,245,603,1,1,1
179,4,1770,965,246,604,1,1,1
180,4,1767,964,247,605,1,1,1
181,4,1765,963,248,607,1,1,1
182,4,1758,963,245,610,1,1,1
183,4,1751,964,242,612,1,1,1
184,4,1744,964,239,615,1,1,1
185,4,1737,965,236,617,1,1,1
186,4,1730,965,233,620,1,1,1
187,4,1723,966,230,622,1,1,1
188,4,1716,966,227,625,1,1,1
189,4,1709,967,224,627,1,1,1
190,4,1702,967,221,630,1,1,1
191,4,1695,968,219,633,1,1,1
192,4,1687,964,223,632,1,1,1
193,4,1680,961,227,630,1,1,1
194,4,1672,958,232,628,1,1,1
195,4,1665,954,236,627,1,1,1
196,4,1657,951,241,626,1,1,1
197,4,1650,948,244,624,1,1,1
198,4,1642,944,249,623,1,1,1
199,4,1635,941,253,621,1,1,1
200,4,1627,938,258,619,1,1,1
201,4,1620,935,262,618,1,1,1
202,4,1618,929,259,634,1,1,1
203,4,1616,923,256,651,1,1,1
204,4,1614,917,253,667,1,1,1
205,4,1613,911,250,684,1,1,1
206,4,1611,905,247,700,1,1,1
207,4,1609,899,244,717,1,1,1
208,4,1608,893,241,733,1,1,1
209,4,1606,887,238,750,1,1,1
210,4,1604,881,235,766,1,1,1
211,4,1603,876,232,782,1,1,1
212,4,1585,874,236,779,1,1,1
213,4,1568,872,239,776,1,1,1
214,4,1551,871,242,773,1,1,1
215,4,1534,869,245,770,1,1,1
216,4,1517,867,249,768,1,1,1
217,4,1500,866,252,764,1,1,1
218,4,1483,864,255,761,1,1,1
219,4,1466,862,258,759,1,1,1
220,4,1449,861,261,755,1,1,1
221,4,1432,859,265,753,1,1,1
222,4,1414,857,269,750,1,1,1
223,4,1397,856,272,746,1,1,1
224,4,1380,854,275,744,1,1,1
225,4,1363,852,278,741,1,1,1
226,4,1346,851,282,738,1,1,1
227,4,1329,849,285,735,1,1,1
228,4,1312,847,288,732,1,1,1
229,4,1295,846,291,729,1,1,1
230,4,1278,844,294,726,1,1,1
231,4,1261,843,298,723,1,1,1
232,4,1234,839,299,731,1,1,1
233,4,1207,836,300,739,1,1,1
234,4,1181,833,300,747,1,1,1
235,4,1154,829,301,756,1,1,1
236,4,1128,826,302,764,1,1,1
237,4,1101,823,303,772,1,1,1
238,4,1074,819,304,781,1,1,1
239,4,1048,816,304,789,1,1,1
240,4,1021,813,305,797,1,1,1
241,4,995,810,306,805,1,1,1
242,4,955,814,312,812,1,1,1
243,4,915,819,319,818,1,1,1
244,4,875,823,325,825,1,1,1
245,4,836,828,331,831,1,1,1
246,4,796,833,337,838,1,1,1
247,4,756,837,344,845,1,1,1
248,4,717,842,349,851,1,1,1
249,4,677,846,356,858,1,1,1
250,4,637,851,362,864,1,1,1
251,4,598,856,368,871,1,1,1
252,4,588,853,364,865,1,1,1
253,4,578,851,361,858,1,1,1
254,4,568,848,358,852,1,1,1
255,4,558,846,355,845,1,1,1
256,4,548,843,352,839,1,1,1
257,4,538,841,349,832,1,1,1
258,4,528,838,346,826,1,1,1
259,4,518,836,343,819,1,1,1
260,4,508,833,340,813,1,1,1
261,4,499,831,336,806,1,1,1
262,4,488,830,334,803,1,1,1
263,4,478,830,331,799,1,1,1
264,4,467,830,329,795,1,1,1
265,4,457,830,326,791,1,1,1
266,4,446,830,324,788,1,1,1
267,4,436,830,321,784,1,1,1
268,4,425,830,319,780,1,1,1
269,4,415,830,316,776,1,1,1
270,4,404,830,314,772,1,1,1
271,4,394,830,312,769,1,1,1
272,4,355,828,310,775,1,1,1
273,4,316,826,308,782,1,1,1
274,4,277,825,306,787,1,1,1
275,4,238,823,304,794,1,1,1
276,4,199,822,303,800,1,1,1
277,4,160,820,301,806,1,1,1
278,4,121,818,299,813,1,1,1
279,4,82,817,297,818,1,1,1
280,4,43,815,295,825,1,1,1
281,4,5,814,293,831,1,1,1
71,5,3519,1367,121,458,1,1,1
72,5,3506,1364,124,459,1,1,1
73,5,3494,1361,127,461,1,1,1
74,5,3482,1359,129,461,1,1,1
75,5,3470,1356,132,463,1,1,1
76,5,3458,1354,135,464,1,1,1
77,5,3446,1351,137,465,1,1,1
78,5,3434,1349,140,466,1,1,1
79,5,3422,1346,143,468,1,1,1
80,5,3410,1344,145,468,1,1,1
81,5,3398,1341,148,470,1,1,1
82,5,3385,1338,152,472,1,1,1
83,5,3373,1336,154,472,1,1,1
84,5,3361,1333,157,474,1,1,1
85,5,3349,1331,160,475,1,1,1
86,5,3337,1328,162,476,1,1,1
87,5,3325,1326,165,477,1,1,1
88,5,3313,1323,168,479,1,1,1
89,5,3301,1321,170,479,1,1,1
90,5,3289,1318,173,481,1,1,1
91,5,3277,1316,176,482,1,1,1
92,5,3284,1315,178,483,1,1,1
93,5,3292,1315,179,483,1,1,1
94,5,3300,1315,181,484,1,1,1
95,5,3308,1315,182,484,1,1,1
96,5,3316,1315,184,485,1,1,1
97,5,3324,1315,185,485,1,1,1
98,5,3332,1315,186,485,1,1,1
99,5,3340,1315,188,486,1,1,1
100,5,3348,1315,189,486,1,1,1
101,5,3356,1315,191,487,1,1,1
102,5,3358,1315,191,488,1,1,1
103,5,3360,1315,191,490,1,1,1
104,5,3363,1316,191,491,1,1,1
105,5,3365,1316,191,492,1,1,1
106,5,3368,1317,191,493,1,1,1
107,5,3370,1317,191,495,1,1,1
108,5,3372,1317,191,496,1,1,1
109,5,3375,1318,191,497,1,1,1
110,5,3377,1318,191,499,1,1,1
111,5,3380,1319,191,500,1,1,1
112,5,3380,1318,192,501,1,1,1
113,5,3381,1317,193,502,1,1,1
114,5,3381,1317,195,502,1,1,1
115,5,3382,1316,195,504,1,1,1
116,5,3383,1316,196,504,1,1,1
117,5,3383,1315,198,505,1,1,1
118,5,3384,1314,198,507,1,1,1
119,5,3384,1314,200,507,1,1,1
120,5,3385,1313,201,508,1,1,1
121,5,3386,1313,202,509,1,1,1
122,5,3341,1307,200,506,1,1,1
123,5,3297,1302,198,503,1,1,1
124,5,3253,1297,196,500,1,1,1
125,5,3209,1291,194,497,1,1,1
126,5,3165,1286,192,494,1,1,1
127,5,3120,1281,191,491,1,1,1
128,5,3076,1275,189,488,1,1,1
129,5,3032,1270,187,485,1,1,1
130,5,2988,1265,185,482,1,1,1
131,5,2944,1260,183,479,1,1,1
132,5,2912,1262,182,478,1,1,1
133,5,2881,1264,181,477,1,1,1
134,5,2850,1266,180,476,1,1,1
135,5,2819,1268,179,475,1,1,1
136,5,2788,1270,178,474,1,1,1
137,5,2756,1272,178,473,1,1,1
138,5,2725,1274,177,472,1,1,1
139,5,2694,1276,176,471,1,1,1
140,5,2663,1278,175,470,1,1,1
141,5,2632,1280,174,469,1,1,1
142,5,2608,1282,173,470,1,1,1
143,5,2585,1285,172,470,1,1,1
144,5,2561,1287,172,471,1,1,1
145,5,2538,1290,170,471,1,1,1
146,5,2514,1292,170,473,1,1,1
147,5,2491,1295,169,473,1,1,1
148,5,2467,1297,168,474,1,1,1
149,5,2444,1300,167,474,1,1,1
150,5,2420,1302,167,475,1,1,1
151,5,2397,1305,166,476,1,1,1
152,5,2385,1300,169,477,1,1,1
153,5,2374,1295,171,479,1,1,1
154,5,2363,1290,174,481,1,1,1
155,5,2352,1285,176,482,1,1,1
156,5,2341,1280,179,484,1,1,1
157,5,2330,1275,181,486,1,1,1
158,5,2319,1270,183,487,1,1,1
159,5,2308,1265,186,489,1,1,1
160,5,2297,1260,188,491,1,1,1
161,5,2286,1255,191,493,1,1,1
162,5,2283,1257,189,492,1,1,1
163,5,2280,1259,187,491,1,1,1
164,5,2277,1261,185,490,1,1,1
165,5,2274,1263,184,489,1,1,1
166,5,2272,1266,181,487,1,1,1
167,5,2269,1268,179,486,1,1,1
168,5,2266,1270,178,485,1,1,1
169,5,2263,1272,176,484,1,1,1
170,5,2260,1274,174,483,1,1,1
171,5,2258,1277,172,482,1,1,1
172,5,2243,1273,173,482,1,1,1
173,5,2229,1270,174,482,1,1,1
174,5,2214,1266,176,483,1,1,1
175,5,2200,1263,177,483,1,1,1
176,5,2185,1260,179,483,1,1,1
177,5,2171,1256,180,483,1,1,1
178,5,2156,1253,182,483,1,1,1
179,5,2142,1249,183,484,1,1,1
180,5,2127,1246,185,484,1,1,1
181,5,2113,1243,186,484,1,1,1
182,5,2095,1243,186,485,1,1,1
183,5,2077,1244,187,486,1,1,1
184,5,2060,1244,187,488,1,1,1
185,5,2042,1245,188,489,1,1,1
186,5,2025,1246,188,490,1,1,1
187,5,2007,1246,189,492,1,1,1
188,5,1989,1247,190,493,1,1,1
189,5,1972,1247,190,495,1,1,1
190,5,1954,1248,191,496,1,1,1
191,5,1937,1249,191,497,1,1,1
192,5,1922,1242,191,499,1,1,1
193,5,1907,1236,192,501,1,1,1
194,5,1892,1229,193,503,1,1,1
195,5,1877,1223,193,505,1,1,1
196,5,1862,1216,194,508,1,1,1
197,5,1847,1210,195,509,1,1,1
198,5,1832,1203,195,512,1,1,1
199,5,1817,1197,196,513,1,1,1
200,5,1802,1190,197,516,1,1,1
201,5,1787,1184,198,518,1,1,1
202,5,1773,1178,194,520,1,1,1
203,5,1759,1172,191,522,1,1,1
204,5,1745,1166,188,524,1,1,1
205,5,1731,1160,185,527,1,1,1
206,5,1718,1154,181,529,1,1,1
207,5,1704,1148,178,531,1,1,1
208,5,1690,1142,175,534,1,1,1
209,5,1676,1136,172,536,1,1,1
210,5,1662,1130,169,538,1,1,1
211,5,1649,1124,165,541,1,1,1
212,5,1630,1123,167,540,1,1,1
213,5,1612,1122,168,540,1,1,1
214,5,1593,1121,170,539,1,1,1
215,5,1575,1120,171,539,1,1,1
216,5,1557,1120,172,538,1,1,1
217,5,1538,1119,174,537,1,1,1
218,5,1520,1118,176,537,1,1,1
219,5,1501,1117,178,536,1,1,1
220,5,1483,1116,179,536,1,1,1
221,5,1465,1116,180,535,1,1,1
222,5,1446,1115,182,534,1,1,1
223,5,1428,1114,183,534,1,1,1
224,5,1409,1113,185,533,1,1,1
225,5,1391,1112,187,533,1,1,1
226,5,1373,1112,188,532,1,1,1
227,5,1354,1111,190,531,1,1,1
228,5,1336,1110,191,531,1,1,1
229,5,1317,1109,193,530,1,1,1
230,5,1299,1108,194,530,1,1,1
231,5,1281,1108,196,529,1,1,1
232,5,1245,1100,200,536,1,1,1
233,5,1210,1092,203,543,1,1,1
234,5,1175,1084,206,550,1,1,1
235,5,1139,1076,210,558,1,1,1
236,5,1104,1068,213,565,1,1,1
237,5,1069,1060,216,572,1,1,1
238,5,1033,1052,220,580,1,1,1
239,5,998,1044,223,587,1,1,1
240,5,963,1036,226,594,1,1,1
241,5,928,1028,230,602,1,1,1
242,5,893,1037,231,603,1,1,1
243,5,858,1047,232,603,1,1,1
244,5,823,1056,233,605,1,1,1
245,5,788,1066,235,605,1,1,1
246,5,753,1076,236,606,1,1,1
247,5,718,1085,237,607,1,1,1
248,5,683,1095,239,607,1,1,1
249,5,648,1104,240,609,1,1,1
250,5,613,1114,241,609,1,1,1
251,5,579,1124,242,610,1,1,1
252,5,560,1121,249,612,1,1,1
253,5,541,1119,256,613,1,1,1
254,5,522,1117,263,614,1,1,1
255,5,503,1114,270,616,1,1,1
256,5,485,1112,276,618,1,1,1
257,5,466,1110,283,619,1,1,1
258,5,447,1107,290,621,1,1,1
259,5,428,1105,297,622,1,1,1
260,5,409,1103,304,623,1,1,1
261,5,391,1101,311,625,1,1,1
262,5,383,1107,302,620,1,1,1
263,5,375,1113,294,616,1,1,1
264,5,367,1119,285,612,1,1,1
265,5,359,1125,277,608,1,1,1
266,5,351,1131,268,604,1,1,1
267,5,343,1137,260,600,1,1,1
268,5,335,1143,251,596,1,1,1
269,5,327,1149,243,592,1,1,1
270,5,319,1155,234,588,1,1,1
271,5,311,1162,226,583,1,1,1
341,7,3465,1007,172,556,1,1,1
342,7,3453,1003,182,563,1,1,1
343,7,3441,1000,193,570,1,1,1
344,7,3429,997,204,576,1,1,1
345,7,3418,994,214,583,1,1,1
346,7,3406,991,225,590,1,1,1
347,7,3394,987,236,597,1,1,1
348,7,3383,984,246,604,1,1,1
349,7,3371,981,257,610,1,1,1
350,7,3359,978,268,617,1,1,1
351,7,3348,975,278,624,1,1,1
352,7,3326,974,285,622,1,1,1
353,7,3304,973,293,621,1,1,1
354,7,3282,972,301,620,1,1,1
355,7,3261,971,307,619,1,1,1
356,7,3239,971,315,617,1,1,1
357,7,3217,970,323,616,1,1,1
358,7,3196,969,329,615,1,1,1
359,7,3174,968,337,614,1,1,1
360,7,3152,967,345,613,1,1,1
361,7,3131,967,352,611,1,1,1
362,7,3109,970,340,614,1,1,1
363,7,3087,973,328,617,1,1,1
364,7,3065,976,316,620,1,1,1
365,7,3043,980,305,622,1,1,1
366,7,3022,983,292,625,1,1,1
367,7,3000,986,280,628,1,1,1
368,7,2978,990,269,630,1,1,1
369,7,2956,993,257,633,1,1,1
370,7,2934,996,245,636,1,1,1
371,7,2913,1000,233,638,1,1,1
372,7,2882,995,248,638,1,1,1
373,7,2851,991,263,637,1,1,1
374,7,2820,987,278,637,1,1,1
375,7,2789,982,294,637,1,1,1
376,7,2759,978,308,637,1,1,1
377,7,2728,974,323,636,1,1,1
378,7,2697,969,339,636,1,1,1
379,7,2666,965,354,636,1,1,1
380,7,2635,961,369,635,1,1,1
381,7,2605,957,384,635,1,1,1
382,7,2575,957,381,636,1,1,1
383,7,2546,958,377,636,1,1,1
384,7,2516,958,374,638,1,1,1
385,7,2487,959,370,638,1,1,1
386,7,2457,960,367,639,1,1,1
387,7,2428,960,363,640,1,1,1
388,7,2398,961,360,640,1,1,1
389,7,2369,961,356,642,1,1,1
390,7,2339,962,353,642,1,1,1
391,7,2310,963,350,643,1,1,1
392,7,2293,958,335,644,1,1,1
393,7,2277,953,319,645,1,1,1
394,7,2260,948,304,647,1,1,1
395,7,2244,943,288,648,1,1,1
396,7,2227,938,273,650,1,1,1
397,7,2211,933,257,651,1,1,1
398,7,2194,928,242,652,1,1,1
399,7,2178,923,226,654,1,1,1
400,7,2161,918,211,655,1,1,1
401,7,2145,913,195,657,1,1,1
402,7,2101,914,216,655,1,1,1
403,7,2058,915,237,654,1,1,1
404,7,2014,916,259,652,1,1,1
405,7,1971,917,280,651,1,1,1
406,7,1928,918,301,650,1,1,1
407,7,1884,919,323,648,1,1,1
408,7,1841,920,344,647,1,1,1
409,7,1797,921,366,645,1,1,1
410,7,1754,922,387,644,1,1,1
411,7,1711,923,408,643,1,1,1
412,7,1687,919,394,644,1,1,1
413,7,1664,916,380,644,1,1,1
414,7,1641,913,365,644,1,1,1
415,7,1618,910,351,645,1,1,1
416,7,1595,907,337,645,1,1,1
417,7,1572,903,322,646,1,1,1
418,7,1549,900,308,647,1,1,1
419,7,1526,897,293,647,1,1,1
420,7,1503,894,279,647,1,1,1
421,7,1480,891,265,648,1,1,1
422,7,1451,893,259,647,1,1,1
423,7,1423,895,252,646,1,1,1
424,7,1395,898,245,644,1,1,1
425,7,1366,900,239,643,1,1,1
426,7,1338,903,232,642,1,1,1
427,7,1310,905,225,641,1,1,1
428,7,1281,907,219,640,1,1,1
429,7,1253,910,212,638,1,1,1
430,7,1225,912,205,637,1,1,1
431,7,1197,915,199,636,1,1,1
432,7,1160,908,221,637,1,1,1
433,7,1124,901,242,639,1,1,1
434,7,1087,894,264,641,1,1,1
435,7,1051,887,285,642,1,1,1
436,7,1014,880,307,644,1,1,1
437,7,978,873,328,646,1,1,1
438,7,941,866,350,647,1,1,1
439,7,905,859,371,649,1,1,1
440,7,868,852,393,651,1,1,1
441,7,832,845,414,653,1,1,1
442,7,806,842,407,652,1,1,1
443,7,781,840,399,650,1,1,1
444,7,756,838,391,649,1,1,1
445,7,730,835,385,648,1,1,1
446,7,705,833,377,647,1,1,1
447,7,680,831,369,645,1,1,1
448,7,654,828,363,644,1,1,1
449,7,629,826,355,643,1,1,1
450,7,604,824,347,641,1,1,1
451,7,579,822,340,640,1,1,1
452,7,549,823,336,643,1,1,1
453,7,519,824,332,646,1,1,1
454,7,489,825,328,649,1,1,1
455,7,459,827,324,652,1,1,1
456,7,429,828,320,655,1,1,1
457,7,399,829,316,658,1,1,1
458,7,369,831,312,661,1,1,1
459,7,339,832,308,664,1,1,1
460,7,309,833,304,667,1,1,1
461,7,279,835,300,670,1,1,1
462,7,251,845,294,669,1,1,1
463,7,223,855,288,668,1,1,1
464,7,195,865,282,668,1,1,1
465,7,167,876,276,666,1,1,1
466,7,139,886,270,666,1,1,1
467,7,111,896,264,665,1,1,1
468,7,83,907,258,663,1,1,1
469,7,55,917,252,663,1,1,1
470,7,27,927,246,662,1,1,1
471,7,0,938,240,661,1,1,1
1,10,3115,1082,299,637,1,1,1
2,10,3126,1081,304,636,1,1,1
3,10,3137,1081,309,635,1,1,1
4,10,3148,1080,314,635,1,1,1
5,10,3159,1080,319,634,1,1,1
6,10,3170,1080,324,633,1,1,1
7,10,3181,1079,329,632,1,1,1
8,10,3192,1079,334,631,1,1,1
9,10,3203,1078,339,631,1,1,1
10,10,3214,1078,344,630,1,1,1
11,10,3226,1078,349,629,1,1,1
12,10,3233,1080,347,630,1,1,1
13,10,3240,1082,346,631,1,1,1
14,10,3248,1084,344,632,1,1,1
15,10,3255,1087,343,632,1,1,1
16,10,3263,1089,341,633,1,1,1
17,10,3270,1091,339,634,1,1,1
18,10,3277,1094,338,634,1,1,1
19,10,3285,1096,336,635,1,1,1
20,10,3292,1098,335,636,1,1,1
21,10,3300,1101,333,636,1,1,1
22,10,3315,1102,318,635,1,1,1
23,10,3330,1103,304,635,1,1,1
24,10,3345,1104,290,635,1,1,1
25,10,3360,1105,275,634,1,1,1
26,10,3375,1106,261,634,1,1,1
27,10,3390,1107,247,634,1,1,1
28,10,3405,1108,232,633,1,1,1
29,10,3420,1109,218,633,1,1,1
30,10,3435,1110,204,633,1,1,1
31,10,3451,1111,189,633,1,1,1
32,10,3447,1104,193,635,1,1,1
33,10,3443,1097,197,638,1,1,1
34,10,3439,1090,201,641,1,1,1
35,10,3436,1084,204,642,1,1,1
36,10,3432,1077,208,645,1,1,1
37,10,3428,1070,212,648,1,1,1
38,10,3425,1064,215,649,1,1,1
39,10,3421,1057,219,652,1,1,1
40,10,3417,1050,223,655,1,1,1
41,10,3414,1044,226,657,1,1,1
42,10,3413,1040,227,657,1,1,1
43,10,3413,1036,227,658,1,1,1
44,10,3413,1032,227,658,1,1,1
45,10,3413,1029,227,658,1,1,1
46,10,3413,1025,227,659,1,1,1
47,10,3413,1021,227,659,1,1,1
48,10,3412,1018,228,659,1,1,1
49,10,3412,1014,228,659,1,1,1
50,10,3412,1010,228,660,1,1,1
51,10,3412,1007,228,660,1,1,1
52,10,3412,1003,228,660,1,1,1
53,10,3412,999,228,661,1,1,1
54,10,3412,995,228,661,1,1,1
55,10,3411,992,229,661,1,1,1
56,10,3411,988,229,662,1,1,1
57,10,3411,984,229,662,1,1,1
58,10,3411,981,229,662,1,1,1
59,10,3411,977,229,662,1,1,1
60,10,3411,973,229,663,1,1,1
61,10,3411,970,229,663,1,1,1
62,10,3410,983,230,663,1,1,1
63,10,3410,996,230,663,1,1,1
64,10,3410,1009,230,663,1,1,1
65,10,3409,1022,231,663,1,1,1
66,10,3409,1035,231,663,1,1,1
67,10,3409,1048,231,663,1,1,1
68,10,3408,1061,232,663,1,1,1
69,10,3408,1074,232,663,1,1,1
70,10,3408,1087,232,663,1,1,1
71,10,3408,1101,232,663,1,1,1
72,10,3414,1097,226,663,1,1,1
73,10,3420,1093,220,663,1,1,1
74,10,3427,1089,213,663,1,1,1
75,10,3433,1086,207,663,1,1,1
76,10,3440,1082,200,663,1,1,1
77,10,3446,1078,194,663,1,1,1
78,10,3452,1075,188,663,1,1,1
79,10,3459,1071,181,663,1,1,1
80,10,3465,1067,175,663,1,1,1
81,10,3472,1064,168,663,1,1,1
82,10,3470,1065,169,661,1,1,1
83,10,3468,1066,171,660,1,1,1
84,10,3466,1068,173,658,1,1,1
85,10,3465,1069,173,657,1,1,1
86,10,3463,1071,175,655,1,1,1
87,10,3461,1072,177,653,1,1,1
88,10,3460,1073,177,652,1,1,1
89,10,3458,1075,179,650,1,1,1
90,10,3456,1076,181,649,1,1,1
91,10,3455,1078,182,647,1,1,1
92,10,3455,1077,182,647,1,1,1
93,10,3455,1076,182,648,1,1,1
94,10,3456,1075,181,649,1,1,1
95,10,3456,1074,181,649,1,1,1
96,10,3457,1074,180,649,1,1,1
97,10,3457,1073,180,650,1,1,1
98,10,3457,1072,180,650,1,1,1
99,10,3458,1071,179,651,1,1,1
100,10,3458,1071,179,651,1,1,1
101,10,3459,1070,178,652,1,1,1
102,10,3459,1069,178,652,1,1,1
103,10,3459,1068,178,653,1,1,1
104,10,3460,1068,177,653,1,1,1
105,10,3460,1067,177,653,1,1,1
106,10,3461,1066,176,654,1,1,1
107,10,3461,1065,176,655,1,1,1
108,10,3461,1065,177,654,1,1,1
109,10,3462,1064,176,655,1,1,1
110,10,3462,1063,176,656,1,1,1
111,10,3463,1062,175,657,1,1,1
112,10,3463,1062,175,656,1,1,1
113,10,3463,1061,175,657,1,1,1
114,10,3464,1060,174,658,1,1,1
115,10,3464,1059,174,658,1,1,1
116,10,3465,1059,173,658,1,1,1
117,10,3465,1058,173,659,1,1,1
118,10,3465,1057,173,659,1,1,1
119,10,3466,1056,172,660,1,1,1
120,10,3466,1055,172,661,1,1,1
121,10,3467,1055,171,661,1,1,1
122,10,3467,1054,171,661,1,1,1
123,10,3467,1053,171,662,1,1,1
124,10,3468,1052,170,663,1,1,1
125,10,3468,1052,171,662,1,1,1
126,10,3469,1051,170,663,1,1,1
127,10,3469,1050,170,664,1,1,1
128,10,3469,1049,170,664,1,1,1
129,10,3470,1049,169,664,1,1,1
130,10,3470,1048,169,665,1,1,1
131,10,3471,1047,168,666,1,1,1
132,10,3471,1046,168,666,1,1,1
133,10,3471,1046,168,666,1,1,1
134,10,3472,1045,167,667,1,1,1
135,10,3472,1044,167,667,1,1,1
136,10,3473,1043,166,668,1,1,1
137,10,3473,1043,166,668,1,1,1
138,10,3473,1042,166,668,1,1,1
139,10,3474,1041,165,669,1,1,1
140,10,3474,1040,165,670,1,1,1
141,10,3475,1040,165,670,1,1,1
142,10,3457,1043,179,669,1,1,1
143,10,3440,1047,192,668,1,1,1
144,10,3422,1051,206,667,1,1,1
145,10,3405,1054,219,666,1,1,1
146,10,3387,1058,233,665,1,1,1
147,10,3370,1062,246,664,1,1,1
148,10,3352,1065,260,663,1,1,1
149,10,3335,1069,273,662,1,1,1
150,10,3317,1073,287,661,1,1,1
151,10,3300,1077,301,660,1,1,1
152,10,3299,1070,303,661,1,1,1
153,10,3298,1063,305,662,1,1,1
154,10,3297,1057,307,662,1,1,1
155,10,3296,1050,309,663,1,1,1
156,10,3296,1044,310,663,1,1,1
157,10,3295,1037,312,664,1,1,1
158,10,3294,1030,314,665,1,1,1
159,10,3293,1024,316,665,1,1,1
160,10,3292,1017,318,666,1,1,1
161,10,3292,1011,319,667,1,1,1
162,10,3302,1016,311,666,1,1,1
163,10,3313,1021,303,665,1,1,1
164,10,3324,1026,294,664,1,1,1
165,10,3335,1031,286,663,1,1,1
166,10,3346,1036,278,662,1,1,1
167,10,3357,1041,269,661,1,1,1
168,10,3368,1046,261,660,1,1,1
169,10,3379,1051,252,659,1,1,1
170,10,3390,1056,244,658,1,1,1
171,10,3401,1061,236,657,1,1,1
172,10,3397,1056,239,656,1,1,1
173,10,3394,1052,242,655,1,1,1
174,10,3390,1047,246,655,1,1,1
175,10,3387,1043,249,654,1,1,1
176,10,3384,1039,252,653,1,1,1
177,10,3380,1034,256,653,1,1,1
178,10,3377,1030,259,652,1,1,1
179,10,3373,1025,263,652,1,1,1
180,10,3370,1021,266,651,1,1,1
181,10,3367,1017,269,650,1,1,1
182,10,3365,1018,270,651,1,1,1
183,10,3363,1019,271,653,1,1,1
184,10,3361,1020,272,654,1,1,1
185,10,3359,1022,273,655,1,1,1
186,10,3357,1023,274,657,1,1,1
187,10,3355,1024,275,658,1,1,1
188,10,3353,1026,276,659,1,1,1
189,10,3351,1027,277,660,1,1,1
190,10,3349,1028,278,662,1,1,1
191,10,3347,1030,279,663,1,1,1
192,10,3342,1025,280,659,1,1,1
193,10,3338,1020,281,656,1,1,1
194,10,3334,1015,281,652,1,1,1
195,10,3329,1010,283,649,1,1,1
196,10,3325,1006,283,645,1,1,1
197,10,3321,1001,284,641,1,1,1
198,10,3316,996,285,638,1,1,1
199,10,3312,991,286,634,1,1,1
200,10,3308,986,286,631,1,1,1
201,10,3304,982,287,627,1,1,1
202,10,3307,976,282,628,1,1,1
203,10,3310,971,277,628,1,1,1
204,10,3313,965,272,629,1,1,1
205,10,3316,960,267,629,1,1,1
206,10,3319,955,263,629,1,1,1
207,10,3322,949,258,630,1,1,1
208,10,3325,944,253,630,1,1,1
209,10,3328,938,248,631,1,1,1
210,10,3331,933,243,631,1,1,1
211,10,3335,928,238,632,1,1,1
212,10,3333,931,246,630,1,1,1
213,10,3331,935,254,628,1,1,1
214,10,3329,939,263,625,1,1,1
215,10,3327,943,271,623,1,1,1
216,10,3326,947,279,620,1,1,1
217,10,3324,950,287,619,1,1,1
218,10,3322,954,295,616,1,1,1
219,10,3320,958,304,614,1,1,1
220,10,3318,962,312,611,1,1,1
221,10,3317,966,320,609,1,1,1
222,10,3308,956,314,612,1,1,1
223,10,3300,946,307,615,1,1,1
224,10,3292,936,300,619,1,1,1
225,10,3284,927,293,621,1,1,1
226,10,3276,917,287,625,1,1,1
227,10,3268,907,280,628,1,1,1
228,10,3260,898,273,630,1,1,1
229,10,3252,888,266,634,1,1,1
230,10,3244,878,259,637,1,1,1
231,10,3236,869,253,640,1,1,1
232,10,3216,870,254,636,1,1,1
233,10,3196,872,255,632,1,1,1
234,10,3176,874,257,628,1,1,1
235,10,3156,876,258,623,1,1,1
236,10,3136,878,260,619,1,1,1
237,10,3116,879,261,616,1,1,1
238,10,3096,881,262,611,1,1,1
239,10,3076,883,264,607,1,1,1
240,10,3056,885,265,603,1,1,1
241,10,3036,887,267,599,1,1,1
242,10,3015,890,263,598,1,1,1
243,10,2994,893,260,597,1,1,1
244,10,2973,897,257,596,1,1,1
245,10,2952,900,254,595,1,1,1
246,10,2931,904,251,594,1,1,1
247,10,2910,907,248,593,1,1,1
248,10,2889,910,245,592,1,1,1
249,10,2868,914,242,591,1,1,1
250,10,2847,917,239,590,1,1,1
251,10,2826,921,236,589,1,1,1
252,10,2823,919,240,589,1,1,1
253,10,2821,918,244,588,1,1,1
254,10,2819,916,247,588,1,1,1
255,10,2816,915,252,588,1,1,1
256,10,2814,914,256,587,1,1,1
257,10,2812,912,259,587,1,1,1
258,10,2809,911,264,587,1,1,1
259,10,2807,909,267,587,1,1,1
260,10,2805,908,271,586,1,1,1
261,10,2803,907,275,586,1,1,1
262,10,2803,904,268,586,1,1,1
263,10,2804,902,261,586,1,1,1
264,10,2804,900,255,585,1,1,1
265,10,2805,898,248,585,1,1,1
266,10,2805,896,242,585,1,1,1
267,10,2806,894,235,584,1,1,1
268,10,2806,892,229,584,1,1,1
269,10,2807,890,222,583,1,1,1
270,10,2807,888,216,583,1,1,1
271,10,2808,886,209,583,1,1,1
272,10,2786,888,208,582,1,1,1
273,10,2764,891,208,580,1,1,1
274,10,2742,894,208,578,1,1,1
275,10,2720,897,208,577,1,1,1
276,10,2699,900,207,575,1,1,1
277,10,2677,903,207,573,1,1,1
278,10,2655,906,207,572,1,1,1
279,10,2633,909,207,570,1,1,1
280,10,2611,912,207,568,1,1,1
281,10,2590,915,206,567,1,1,1
282,10,2582,918,212,566,1,1,1
283,10,2575,921,218,565,1,1,1
284,10,2568,924,224,564,1,1,1
285,10,2561,928,229,562,1,1,1
286,10,2554,931,235,562,1,1,1
287,10,2547,934,241,561,1,1,1
288,10,2540,938,246,559,1,1,1
289,10,2533,941,252,558,1,1,1
290,10,2526,944,258,557,1,1,1
291,10,2519,948,264,556,1,1,1
292,10,2534,948,262,558,1,1,1
293,10,2549,948,261,560,1,1,1
294,10,2564,948,259,563,1,1,1
295,10,2579,948,258,565,1,1,1
296,10,2595,948,255,568,1,1,1
297,10,2610,948,254,570,1,1,1
298,10,2625,948,252,572,1,1,1
299,10,2640,948,251,575,1,1,1
300,10,2655,948,249,577,1,1,1
301,10,2671,948,247,580,1,1,1
302,10,2683,944,247,579,1,1,1
303,10,2696,941,246,577,1,1,1
304,10,2709,938,245,575,1,1,1
305,10,2722,934,244,575,1,1,1
306,10,2735,931,243,573,1,1,1
307,10,2748,928,242,571,1,1,1
308,10,2761,924,241,571,1,1,1
309,10,2774,921,240,569,1,1,1
310,10,2787,918,239,567,1,1,1
311,10,2800,915,239,566,1,1,1
312,10,2801,913,234,567,1,1,1
313,10,2803,912,229,567,1,1,1
314,10,2805,911,224,567,1,1,1
315,10,2806,909,220,569,1,1,1
316,10,2808,908,215,569,1,1,1
317,10,2810,907,209,569,1,1,1
318,10,2811,905,205,571,1,1,1
319,10,2813,904,200,571,1,1,1
320,10,2815,903,195,571,1,1,1
321,10,2817,902,190,572,1,1,1
322,10,2803,906,200,571,1,1,1
323,10,2790,911,209,570,1,1,1
324,10,2776,916,220,568,1,1,1
325,10,2763,920,229,568,1,1,1
326,10,2749,925,240,566,1,1,1
327,10,2736,930,249,565,1,1,1
328,10,2722,934,259,564,1,1,1
329,10,2709,939,269,563,1,1,1
330,10,2695,944,279,561,1,1,1
331,10,2682,949,289,560,1,1,1
332,10,2688,945,282,561,1,1,1
333,10,2695,941,274,563,1,1,1
334,10,2701,937,267,564,1,1,1
335,10,2708,934,259,565,1,1,1
336,10,2715,930,251,567,1,1,1
337,10,2721,926,244,568,1,1,1
338,10,2728,923,236,569,1,1,1
339,10,2734,919,229,570,1,1,1
340,10,2741,915,221,572,1,1,1
341,10,2748,912,214,573,1,1,1
342,10,2755,912,221,572,1,1,1
343,10,2763,912,227,572,1,1,1
344,10,2771,913,233,571,1,1,1
345,10,2779,913,239,571,1,1,1
346,10,2787,914,245,570,1,1,1
347,10,2795,914,251,570,1,1,1
348,10,2803,914,257,570,1,1,1
349,10,2811,915,263,569,1,1,1
350,10,2819,915,269,569,1,1,1
351,10,2827,916,276,568,1,1,1
352,10,2835,913,271,568,1,1,1
353,10,2844,910,266,569,1,1,1
354,10,2852,908,261,569,1,1,1
355,10,2861,905,256,570,1,1,1
356,10,2870,903,251,570,1,1,1
357,10,2878,900,246,570,1,1,1
358,10,2887,897,241,571,1,1,1
359,10,2895,895,236,571,1,1,1
360,10,2904,892,231,572,1,1,1
361,10,2913,890,226,572,1,1,1
362,10,2903,894,227,570,1,1,1
363,10,2893,899,229,568,1,1,1
364,10,2883,904,231,566,1,1,1
365,10,2873,908,233,565,1,1,1
366,10,2864,913,234,563,1,1,1
367,10,2854,918,235,561,1,1,1
368,10,2844,922,237,560,1,1,1
369,10,2834,927,239,558,1,1,1
370,10,2824,932,241,556,1,1,1
371,10,2815,937,242,554,1,1,1
372,10,2822,931,239,558,1,1,1
373,10,2830,926,235,561,1,1,1
374,10,2838,921,231,565,1,1,1
375,10,2845,916,228,568,1,1,1
376,10,2853,911,224,572,1,1,1
377,10,2861,905,220,576,1,1,1
378,10,2868,900,217,579,1,1,1
379,10,2876,895,213,583,1,1,1
380,10,2884,890,209,586,1,1,1
381,10,2892,885,205,590,1,1,1
382,10,2890,887,209,590,1,1,1
383,10,2888,890,213,589,1,1,1
384,10,2886,892,217,589,1,1,1
385,10,2884,895,221,588,1,1,1
386,10,2882,897,225,589,1,1,1
387,10,2880,900,229,588,1,1,1
388,10,2878,902,233,588,1,1,1
389,10,2876,905,237,587,1,1,1
390,10,2874,907,241,587,1,1,1
391,10,2872,910,246,587,1,1,1
392,10,2876,906,243,588,1,1,1
393,10,2881,903,239,588,1,1,1
394,10,2886,900,235,588,1,1,1
395,10,2891,897,231,588,1,1,1
396,10,2896,894,228,588,1,1,1
397,10,2900,890,225,589,1,1,1
398,10,2905,887,221,589,1,1,1
399,10,2910,884,217,589,1,1,1
400,10,2915,881,213,589,1,1,1
401,10,2920,878,210,589,1,1,1
402,10,2910,878,218,586,1,1,1
403,10,2900,878,226,584,1,1,1
404,10,2890,878,234,582,1,1,1
405,10,2881,878,241,580,1,1,1
406,10,2871,878,249,578,1,1,1
407,10,2861,878,257,575,1,1,1
408,10,2852,878,264,573,1,1,1
409,10,2842,878,272,571,1,1,1
410,10,2832,878,280,569,1,1,1
411,10,2823,878,288,567,1,1,1
412,10,2823,873,288,572,1,1,1
413,10,2823,868,289,578,1,1,1
414,10,2823,863,289,583,1,1,1
415,10,2823,858,290,589,1,1,1
416,10,2823,854,290,593,1,1,1
417,10,2823,849,291,599,1,1,1
418,10,2823,844,291,604,1,1,1
419,10,2823,839,292,610,1,1,1
420,10,2823,834,292,615,1,1,1
421,10,2824,830,292,620,1,1,1
422,10,2820,834,293,617,1,1,1
423,10,2816,838,295,615,1,1,1
424,10,2812,842,296,613,1,1,1
425,10,2808,846,298,610,1,1,1
426,10,2804,850,300,608,1,1,1
427,10,2800,854,301,606,1,1,1
428,10,2796,858,303,603,1,1,1
429,10,2792,862,304,601,1,1,1
430,10,2788,866,306,599,1,1,1
431,10,2785,871,307,596,1,1,1
432,10,2794,865,301,598,1,1,1
433,10,2803,859,295,600,1,1,1
434,10,2812,854,289,602,1,1,1
435,10,2822,848,282,604,1,1,1
436,10,2831,843,276,606,1,1,1
437,10,2840,837,270,608,1,1,1
438,10,2850,831,263,610,1,1,1
439,10,2859,826,257,612,1,1,1
440,10,2868,820,251,614,1,1,1
441,10,2878,815,244,616,1,1,1
442,10,2873,811,248,614,1,1,1
443,10,2869,808,252,611,1,1,1
444,10,2865,805,255,608,1,1,1
445,10,2860,801,260,606,1,1,1
446,10,2856,798,263,603,1,1,1
447,10,2852,795,267,600,1,1,1
448,10,2847,791,271,598,1,1,1
449,10,2843,788,275,595,1,1,1
450,10,2839,785,278,592,1,1,1
451,10,2835,782,282,590,1,1,1
452,10,2834,784,276,590,1,1,1
453,10,2833,786,270,590,1,1,1
454,10,2833,788,263,590,1,1,1
455,10,2832,791,257,590,1,1,1
456,10,2832,793,250,590,1,1,1
457,10,2831,795,244,590,1,1,1
458,10,2830,798,238,590,1,1,1
459,10,2830,800,231,590,1,1,1
460,10,2829,802,225,590,1,1,1
461,10,2829,805,219,590,1,1,1
462,10,2818,813,223,589,1,1,1
463,10,2808,821,227,588,1,1,1
464,10,2797,829,232,588,1,1,1
465,10,2787,837,236,587,1,1,1
466,10,2776,846,241,586,1,1,1
467,10,2766,854,244,585,1,1,1
468,10,2755,862,249,584,1,1,1
469,10,2745,870,253,584,1,1,1
470,10,2734,878,258,583,1,1,1
471,10,2724,887,262,582,1,1,1
472,10,2733,886,256,583,1,1,1
473,10,2742,886,251,584,1,1,1
474,10,2751,886,246,585,1,1,1
475,10,2760,886,241,586,1,1,1
476,10,2769,886,236,587,1,1,1
477,10,2778,885,230,588,1,1,1
478,10,2787,885,225,589,1,1,1
479,10,2796,885,220,590,1,1,1
480,10,2805,885,215,591,1,1,1
481,10,2815,885,209,592,1,1,1
482,10,2810,885,217,590,1,1,1
483,10,2805,885,226,588,1,1,1
484,10,2800,885,234,587,1,1,1
485,10,2796,886,242,584,1,1,1
486,10,2791,886,250,583,1,1,1
487,10,2786,886,259,581,1,1,1
488,10,2782,887,266,578,1,1,1
489,10,2777,887,275,577,1,1,1
490,10,2772,887,283,575,1,1,1
491,10,2768,888,291,573,1,1,1
492,10,2758,887,286,575,1,1,1
493,10,2749,886,281,577,1,1,1
494,10,2740,885,275,579,1,1,1
495,10,2731,884,270,582,1,1,1
496,10,2722,884,264,583,1,1,1
497,10,2712,883,260,585,1,1,1
498,10,2703,882,254,588,1,1,1
499,10,2694,881,249,590,1,1,1
500,10,2685,880,243,592,1,1,1
501,10,2676,880,238,594,1,1,1
502,10,2660,878,237,592,1,1,1
503,10,2645,876,235,591,1,1,1
504,10,2630,874,233,590,1,1,1
505,10,2615,872,232,589,1,1,1
506,10,2600,871,230,587,1,1,1
507,10,2584,869,229,585,1,1,1
508,10,2569,867,228,584,1,1,1
509,10,2554,865,226,583,1,1,1
510,10,2539,863,224,582,1,1,1
511,10,2524,862,223,580,1,1,1
512,10,2522,864,224,579,1,1,1
513,10,2520,867,225,578,1,1,1
514,10,2518,870,227,576,1,1,1
515,10,2516,872,228,576,1,1,1
516,10,2515,875,229,575,1,1,1
517,10,2513,878,230,573,1,1,1
518,10,2511,880,231,573,1,1,1
519,10,2509,883,233,571,1,1,1
520,10,2507,886,234,570,1,1,1
521,10,2506,889,235,569,1,1,1
522,10,2520,888,237,570,1,1,1
523,10,2534,887,240,571,1,1,1
524,10,2548,887,243,571,1,1,1
525,10,2562,886,245,572,1,1,1
526,10,2576,886,248,573,1,1,1
527,10,2590,885,251,574,1,1,1
528,10,2604,884,253,575,1,1,1
529,10,2618,884,256,575,1,1,1
530,10,2632,883,259,576,1,1,1
531,10,2646,883,262,577,1,1,1
532,10,2644,886,260,578,1,1,1
533,10,2642,889,258,579,1,1,1
534,10,2640,892,256,580,1,1,1
535,10,2638,896,254,580,1,1,1
536,10,2637,899,251,582,1,1,1
537,10,2635,902,249,583,1,1,1
538,10,2633,906,247,583,1,1,1
539,10,2631,909,245,584,1,1,1
540,10,2629,912,243,585,1,1,1
541,10,2628,916,240,586,1,1,1
542,10,2622,916,238,586,1,1,1
543,10,2617,917,236,586,1,1,1
544,10,2612,918,234,586,1,1,1
545,10,2607,918,232,586,1,1,1
546,10,2602,919,230,586,1,1,1
547,10,2596,920,228,586,1,1,1
548,10,2591,920,226,586,1,1,1
549,10,2586,921,224,586,1,1,1
550,10,2581,922,222,586,1,1,1
551,10,2576,923,220,586,1,1,1
552,10,2578,930,228,585,1,1,1
553,10,2580,937,236,585,1,1,1
554,10,2582,944,244,585,1,1,1
555,10,2584,951,252,585,1,1,1
556,10,2586,958,261,585,1,1,1
557,10,2588,965,269,584,1,1,1
558,10,2590,972,277,584,1,1,1
559,10,2592,979,285,584,1,1,1
560,10,2594,986,293,584,1,1,1
561,10,2596,993,302,584,1,1,1
562,10,2613,993,294,586,1,1,1
563,10,2630,993,287,589,1,1,1
564,10,2647,993,280,592,1,1,1
565,10,2664,993,273,594,1,1,1
566,10,2681,993,266,597,1,1,1
567,10,2698,993,259,600,1,1,1
568,10,2715,993,252,602,1,1,1
569,10,2732,993,245,605,1,1,1
570,10,2749,993,238,608,1,1,1
571,10,2767,994,230,610,1,1,1
572,10,2764,989,234,609,1,1,1
573,10,2762,984,238,608,1,1,1
574,10,2760,979,242,608,1,1,1
575,10,2758,974,246,607,1,1,1
576,10,2756,969,250,607,1,1,1
577,10,2754,964,253,606,1,1,1
578,10,2752,959,257,605,1,1,1
579,10,2750,954,261,605,1,1,1
580,10,2748,949,265,604,1,1,1
251,11,3404,974,212,594,1,1,1
252,11,3404,970,213,595,1,1,1
253,11,3404,967,215,596,1,1,1
254,11,3405,964,216,597,1,1,1
255,11,3405,961,218,598,1,1,1
256,11,3406,958,219,599,1,1,1
257,11,3406,955,220,599,1,1,1
258,11,3406,952,222,600,1,1,1
259,11,3407,949,223,601,1,1,1
260,11,3407,946,225,602,1,1,1
261,11,3408,943,226,603,1,1,1
262,11,3397,942,234,603,1,1,1
263,11,3387,941,242,603,1,1,1
264,11,3376,940,251,603,1,1,1
265,11,3366,939,258,603,1,1,1
266,11,3355,938,267,603,1,1,1
267,11,3345,937,275,603,1,1,1
268,11,3334,936,283,603,1,1,1
269,11,3324,935,291,603,1,1,1
270,11,3313,934,300,603,1,1,1
271,11,3303,933,308,604,1,1,1
272,11,3289,935,300,601,1,1,1
273,11,3275,938,292,597,1,1,1
274,11,3261,941,284,593,1,1,1
275,11,3247,943,277,590,1,1,1
276,11,3233,946,269,586,1,1,1
277,11,3219,949,261,582,1,1,1
278,11,3205,951,254,579,1,1,1
279,11,3191,954,246,575,1,1,1
280,11,3177,957,238,571,1,1,1
281,11,3164,960,230,567,1,1,1
282,11,3153,962,230,568,1,1,1
283,11,3143,964,229,569,1,1,1
284,11,3133,966,228,571,1,1,1
285,11,3122,968,228,572,1,1,1
286,11,3112,970,227,574,1,1,1
287,11,3102,972,226,575,1,1,1
288,11,3091,974,226,576,1,1,1
289,11,3081,976,225,578,1,1,1
290,11,3071,978,224,579,1,1,1
291,11,3061,980,223,581,1,1,1
292,11,3073,981,231,581,1,1,1
293,11,3086,983,239,581,1,1,1
294,11,3098,984,247,581,1,1,1
295,11,3111,986,255,581,1,1,1
296,11,3124,988,262,580,1,1,1
297,11,3136,989,271,581,1,1,1
298,11,3149,991,278,580,1,1,1
299,11,3161,992,287,581,1,1,1
300,11,3174,994,294,580,1,1,1
301,11,3187,996,302,580,1,1,1
302,11,3201,992,297,579,1,1,1
303,11,3215,989,293,577,1,1,1
304,11,3229,986,289,575,1,1,1
305,11,3243,983,284,573,1,1,1
306,11,3258,980,279,571,1,1,1
307,11,3272,977,275,569,1,1,1
308,11,3286,974,270,567,1,1,1
309,11,3300,971,266,565,1,1,1
310,11,3314,968,262,563,1,1,1
311,11,3329,965,257,561,1,1,1
312,11,3322,963,259,563,1,1,1
313,11,3316,962,260,564,1,1,1
314,11,3309,961,262,565,1,1,1
315,11,3303,960,263,566,1,1,1
316,11,3297,959,264,567,1,1,1
317,11,3290,957,266,569,1,1,1
318,11,3284,956,267,570,1,1,1
319,11,3277,955,269,571,1,1,1
320,11,3271,954,270,572,1,1,1
321,11,3265,953,272,574,1,1,1
322,11,3257,958,269,572,1,1,1
323,11,3250,963,265,571,1,1,1
324,11,3242,968,262,570,1,1,1
325,11,3235,973,258,569,1,1,1
326,11,3227,979,256,567,1,1,1
327,11,3220,984,252,566,1,1,1
328,11,3212,989,249,565,1,1,1
329,11,3205,994,245,564,1,1,1
330,11,3197,999,242,563,1,1,1
331,11,3190,1005,239,561,1,1,1
332,11,3186,1000,242,561,1,1,1
333,11,3183,996,244,561,1,1,1
334,11,3180,991,246,562,1,1,1
335,11,3177,987,248,562,1,1,1
336,11,3174,982,251,563,1,1,1
337,11,3170,978,254,563,1,1,1
338,11,3167,973,256,564,1,1,1
339,11,3164,969,258,564,1,1,1
340,11,3161,964,260,565,1,1,1
341,11,3158,960,263,565,1,1,1
342,11,3171,961,257,562,1,1,1
343,11,3185,962,250,559,1,1,1
344,11,3199,963,244,556,1,1,1
345,11,3212,965,238,552,1,1,1
346,11,3226,966,232,549,1,1,1
347,11,3240,967,225,546,1,1,1
348,11,3253,969,219,542,1,1,1
349,11,3267,970,213,539,1,1,1
350,11,3281,971,206,536,1,1,1
351,11,3295,973,200,533,1,1,1
352,11,3297,971,201,534,1,1,1
353,11,3300,970,202,534,1,1,1
354,11,3303,969,203,534,1,1,1
355,11,3306,968,203,534,1,1,1
356,11,3309,967,204,534,1,1,1
357,11,3312,965,205,535,1,1,1
358,11,3315,964,205,535,1,1,1
359,11,3318,963,206,535,1,1,1
360,11,3321,962,207,535,1,1,1
361,11,3324,961,208,536,1,1,1
362,11,3317,962,209,539,1,1,1
363,11,3310,964,211,542,1,1,1
364,11,3303,966,212,545,1,1,1
365,11,3297,968,213,548,1,1,1
366,11,3290,970,214,551,1,1,1
367,11,3283,971,216,555,1,1,1
368,11,3277,973,216,558,1,1,1
369,11,3270,975,218,561,1,1,1
370,11,3263,977,219,564,1,1,1
371,11,3257,979,220,567,1,1,1
372,11,3255,974,228,567,1,1,1
373,11,3254,969,235,568,1,1,1
374,11,3252,965,243,567,1,1,1
375,11,3251,960,250,568,1,1,1
376,11,3249,956,258,567,1,1,1
377,11,3248,951,265,568,1,1,1
378,11,3246,946,273,568,1,1,1
379,11,3245,942,280,568,1,1,1
380,11,3243,937,288,568,1,1,1
381,11,3242,933,296,568,1,1,1
382,11,3248,934,290,569,1,1,1
383,11,3255,935,284,571,1,1,1
384,11,3261,937,279,571,1,1,1
385,11,3268,938,273,573,1,1,1
386,11,3274,940,268,574,1,1,1
387,11,3281,941,262,575,1,1,1
388,11,3287,942,257,577,1,1,1
389,11,3294,944,251,577,1,1,1
390,11,3300,945,246,579,1,1,1
391,11,3307,947,240,580,1,1,1
392,11,3308,945,242,579,1,1,1
393,11,3309,943,245,579,1,1,1
394,11,3310,941,248,579,1,1,1
395,11,3311,939,250,579,1,1,1
396,11,3312,937,253,579,1,1,1
397,11,3313,935,256,578,1,1,1
398,11,3314,933,258,578,1,1,1
399,11,3315,931,261,578,1,1,1
400,11,3316,929,264,578,1,1,1
401,11,3318,927,266,578,1,1,1
402,11,3315,925,267,577,1,1,1
403,11,3312,924,268,576,1,1,1
404,11,3310,923,268,575,1,1,1
405,11,3307,921,269,575,1,1,1
406,11,3305,920,269,574,1,1,1
407,11,3302,919,270,572,1,1,1
408,11,3299,917,271,572,1,1,1
409,11,3297,916,271,571,1,1,1
410,11,3294,915,272,570,1,1,1
411,11,3292,914,273,569,1,1,1
412,11,3287,911,276,570,1,1,1
413,11,3283,909,279,570,1,1,1
414,11,3278,906,283,571,1,1,1
415,11,3274,904,285,572,1,1,1
416,11,3269,901,289,573,1,1,1
417,11,3265,899,292,573,1,1,1
418,11,3260,896,295,575,1,1,1
419,11,3256,894,298,575,1,1,1
420,11,3251,891,302,576,1,1,1
421,11,3247,889,305,577,1,1,1
422,11,3248,890,302,578,1,1,1
423,11,3250,892,298,578,1,1,1
424,11,3252,894,295,578,1,1,1
425,11,3254,896,291,578,1,1,1
426,11,3256,898,288,578,1,1,1
427,11,3257,900,285,578,1,1,1
428,11,3259,902,281,578,1,1,1
429,11,3261,904,278,578,1,1,1
430,11,3263,906,274,578,1,1,1
431,11,3265,908,271,579,1,1,1
432,11,3270,904,271,580,1,1,1
433,11,3275,900,271,582,1,1,1
434,11,3280,897,271,583,1,1,1
435,11,3285,893,271,585,1,1,1
436,11,3290,890,271,586,1,1,1
437,11,3295,886,271,587,1,1,1
438,11,3300,882,271,589,1,1,1
439,11,3305,879,271,590,1,1,1
440,11,3310,875,271,592,1,1,1
441,11,3315,872,272,593,1,1,1
442,11,3317,865,272,593,1,1,1
443,11,3320,858,271,594,1,1,1
444,11,3322,851,272,595,1,1,1
445,11,3325,844,271,596,1,1,1
446,11,3328,837,271,597,1,1,1
447,11,3330,830,271,597,1,1,1
448,11,3333,823,270,598,1,1,1
449,11,3335,816,271,599,1,1,1
450,11,3338,809,270,600,1,1,1
451,11,3341,802,270,601,1,1,1
452,11,3332,806,271,600,1,1,1
453,11,3323,811,273,599,1,1,1
454,11,3314,816,274,598,1,1,1
455,11,3306,821,275,597,1,1,1
456,11,3297,826,277,596,1,1,1
457,11,3288,830,278,595,1,1,1
458,11,3280,835,279,594,1,1,1
459,11,3271,840,280,593,1,1,1
460,11,3262,845,282,592,1,1,1
461,11,3254,850,283,591,1,1,1
462,11,3251,856,282,591,1,1,1
463,11,3248,862,282,592,1,1,1
464,11,3246,868,280,592,1,1,1
465,11,3243,874,280,593,1,1,1
466,11,3241,880,279,594,1,1,1
467,11,3238,886,278,594,1,1,1
468,11,3235,892,278,595,1,1,1
469,11,3233,898,276,595,1,1,1
470,11,3230,904,276,596,1,1,1
471,11,3228,910,275,597,1,1,1
472,11,3235,911,272,598,1,1,1
473,11,3242,912,269,600,1,1,1
474,11,3250,913,265,602,1,1,1
475,11,3257,915,262,602,1,1,1
476,11,3265,916,259,604,1,1,1
477,11,3272,917,256,606,1,1,1
478,11,3279,919,253,606,1,1,1
479,11,3287,920,249,608,1,1,1
480,11,3294,921,246,610,1,1,1
481,11,3302,923,243,611,1,1,1
482,11,3298,920,251,614,1,1,1
483,11,3295,917,258,617,1,1,1
484,11,3292,914,266,621,1,1,1
485,11,3289,911,273,624,1,1,1
486,11,3286,908,281,628,1,1,1
487,11,3282,905,289,631,1,1,1
488,11,3279,902,296,634,1,1,1
489,11,3276,899,304,638,1,1,1
490,11,3273,896,311,641,1,1,1
491,11,3270,893,319,645,1,1,1
492,11,3256,896,311,641,1,1,1
493,11,3243,900,302,637,1,1,1
494,11,3229,903,294,633,1,1,1
495,11,3216,907,285,629,1,1,1
496,11,3202,911,278,624,1,1,1
497,11,3189,914,269,621,1,1,1
498,11,3175,918,261,616,1,1,1
499,11,3162,921,252,613,1,1,1
500,11,3148,925,244,608,1,1,1
501,11,3135,929,236,604,1,1,1
502,11,3120,925,242,604,1,1,1
503,11,3105,922,249,604,1,1,1
504,11,3090,919,255,604,1,1,1
505,11,3075,916,262,604,1,1,1
506,11,3061,913,268,604,1,1,1
507,11,3046,910,274,604,1,1,1
508,11,3031,907,281,604,1,1,1
509,11,3016,904,287,604,1,1,1
510,11,3001,901,294,604,1,1,1
511,11,2987,898,300,604,1,1,1
512,11,2987,900,295,605,1,1,1
513,11,2988,903,290,606,1,1,1
514,11,2989,905,284,608,1,1,1
515,11,2990,908,279,609,1,1,1
516,11,2991,910,274,611,1,1,1
517,11,2992,913,268,612,1,1,1
518,11,2993,915,263,614,1,1,1
519,11,2994,918,257,615,1,1,1
520,11,2995,920,252,617,1,1,1
521,11,2996,923,247,618,1,1,1
522,11,3013,921,255,622,1,1,1
523,11,3030,920,264,626,1,1,1
524,11,3047,918,273,630,1,1,1
525,11,3064,917,282,634,1,1,1
526,11,3081,916,291,637,1,1,1
527,11,3098,914,300,642,1,1,1
528,11,3115,913,309,645,1,1,1
529,11,3132,911,318,650,1,1,1
530,11,3149,910,327,653,1,1,1
531,11,3166,909,336,657,1,1,1
532,11,3167,913,328,658,1,1,1
533,11,3169,918,320,658,1,1,1
534,11,3171,922,312,660,1,1,1
535,11,3173,927,304,660,1,1,1
536,11,3175,932,296,661,1,1,1
537,11,3177,936,288,662,1,1,1
538,11,3179,941,280,662,1,1,1
539,11,3181,945,272,664,1,1,1
540,11,3183,950,264,664,1,1,1
541,11,3185,955,256,665,1,1,1
542,11,3174,955,261,666,1,1,1
543,11,3163,956,266,666,1,1,1
544,11,3153,957,271,666,1,1,1
545,11,3142,958,276,666,1,1,1
546,11,3132,959,281,666,1,1,1
547,11,3121,960,286,666,1,1,1
548,11,3110,961,291,666,1,1,1
549,11,3100,962,296,666,1,1,1
550,11,3089,963,301,666,1,1,1
551,11,3079,964,306,666,1,1,1
552,11,3088,969,302,669,1,1,1
553,11,3098,975,298,672,1,1,1
554,11,3107,980,294,676,1,1,1
555,11,3117,986,290,679,1,1,1
556,11,3127,991,286,683,1,1,1
557,11,3136,997,282,686,1,1,1
558,11,3146,1002,278,690,1,1,1
559,11,3155,1008,274,693,1,1,1
560,11,3165,1013,270,697,1,1,1
561,11,3175,1019,266,700,1,1,1
562,11,3182,1022,275,700,1,1,1
563,11,3189,1026,284,699,1,1,1
564,11,3197,1030,292,698,1,1,1
565,11,3204,1034,302,697,1,1,1
566,11,3212,1038,310,696,1,1,1
567,11,3219,1042,319,695,1,1,1
568,11,3226,1046,329,694,1,1,1
569,11,3234,1050,337,693,1,1,1
570,11,3241,1054,346,692,1,1,1
571,11,3249,1058,355,692,1,1,1
572,11,3249,1048,354,696,1,1,1
573,11,3250,1039,353,700,1,1,1
574,11,3250,1030,353,703,1,1,1
575,11,3251,1021,351,707,1,1,1
576,11,3251,1012,351,710,1,1,1
577,11,3252,1002,350,715,1,1,1
578,11,3252,993,349,718,1,1,1
579,11,3253,984,348,722,1,1,1
580,11,3253,975,348,725,1,1,1
461,13,2578,944,150,338,1,1,1
462,13,2567,948,150,339,1,1,1
463,13,2556,952,150,340,1,1,1
464,13,2545,956,150,341,1,1,1
465,13,2534,960,150,343,1,1,1
466,13,2524,965,150,343,1,1,1
467,13,2513,969,150,344,1,1,1
468,13,2502,973,150,346,1,1,1
469,13,2491,977,150,347,1,1,1
470,13,2480,981,150,348,1,1,1
471,13,2470,986,150,349,1,1,1
472,13,2467,985,149,351,1,1,1
473,13,2465,985,148,352,1,1,1
474,13,2463,984,146,354,1,1,1
475,13,2460,984,146,355,1,1,1
476,13,2458,984,144,356,1,1,1
477,13,2456,983,143,358,1,1,1
478,13,2453,983,142,359,1,1,1
479,13,2451,982,141,361,1,1,1
480,13,2449,982,139,362,1,1,1
481,13,2447,982,138,364,1,1,1
482,13,2440,982,139,361,1,1,1
483,13,2433,983,141,357,1,1,1
484,13,2426,984,142,354,1,1,1
485,13,2419,985,144,350,1,1,1
486,13,2412,986,146,347,1,1,1
487,13,2405,986,147,344,1,1,1
488,13,2398,987,149,340,1,1,1
489,13,2391,988,150,337,1,1,1
490,13,2384,989,152,333,1,1,1
491,13,2378,990,153,330,1,1,1
492,13,2352,991,152,332,1,1,1
493,13,2327,993,150,333,1,1,1
494,13,2302,994,148,336,1,1,1
495,13,2276,996,147,337,1,1,1
496,13,2251,997,146,340,1,1,1
497,13,2226,999,144,341,1,1,1
498,13,2200,1000,143,343,1,1,1
499,13,2175,1002,141,345,1,1,1
500,13,2150,1003,139,347,1,1,1
501,13,2125,1005,138,349,1,1,1
502,13,2107,1003,140,347,1,1,1
503,13,2090,1002,141,345,1,1,1
504,13,2073,1001,142,343,1,1,1
505,13,2056,999,143,342,1,1,1
506,13,2039,998,144,340,1,1,1
507,13,2022,997,145,338,1,1,1
508,13,2005,995,146,337,1,1,1
509,13,1988,994,147,335,1,1,1
510,13,1971,993,148,333,1,1,1
511,13,1954,992,150,331,1,1,1
512,13,1943,993,150,333,1,1,1
513,13,1932,995,151,334,1,1,1
514,13,1921,997,151,335,1,1,1
515,13,1911,998,151,337,1,1,1
516,13,1900,1000,152,338,1,1,1
517,13,1889,1002,152,339,1,1,1
518,13,1879,1003,152,341,1,1,1
519,13,1868,1005,152,342,1,1,1
520,13,1857,1007,153,343,1,1,1
521,13,1847,1009,153,345,1,1,1
522,13,1854,1007,154,347,1,1,1
523,13,1862,1006,154,348,1,1,1
524,13,1870,1005,155,349,1,1,1
525,13,1878,1004,155,350,1,1,1
526,13,1886,1003,156,351,1,1,1
527,13,1893,1002,157,352,1,1,1
528,13,1901,1001,157,353,1,1,1
529,13,1909,1000,158,354,1,1,1
530,13,1917,999,158,355,1,1,1
531,13,1925,998,159,357,1,1,1
532,13,1910,1000,160,358,1,1,1
533,13,1896,1002,160,359,1,1,1
534,13,1882,1004,161,360,1,1,1
535,13,1868,1006,161,361,1,1,1
536,13,1854,1009,162,361,1,1,1
537,13,1839,1011,163,362,1,1,1
538,13,1825,1013,163,363,1,1,1
539,13,1811,1015,164,364,1,1,1
540,13,1797,1017,164,365,1,1,1
541,13,1783,1020,165,366,1,1,1
542,13,1768,1020,165,366,1,1,1
543,13,1754,1021,165,366,1,1,1
544,13,1740,1021,164,367,1,1,1
545,13,1725,1022,165,366,1,1,1
546,13,1711,1023,165,366,1,1,1
547,13,1697,1023,164,367,1,1,1
548,13,1682,1024,165,366,1,1,1
549,13,1668,1024,164,367,1,1,1
550,13,1654,1025,164,367,1,1,1
551,13,1640,1026,164,367,1,1,1
552,13,1633,1031,165,368,1,1,1
553,13,1626,1037,167,369,1,1,1
554,13,1619,1043,168,369,1,1,1
555,13,1612,1048,170,371,1,1,1
556,13,1605,1054,172,371,1,1,1
557,13,1598,1060,173,372,1,1,1
558,13,1591,1065,175,373,1,1,1
559,13,1584,1071,176,374,1,1,1
560,13,1577,1077,178,374,1,1,1
561,13,1570,1083,180,375,1,1,1
562,13,1572,1080,181,378,1,1,1
563,13,1574,1078,183,380,1,1,1
564,13,1577,1076,184,383,1,1,1
565,13,1579,1074,186,385,1,1,1
566,13,1582,1072,187,388,1,1,1
567,13,1584,1069,188,391,1,1,1
568,13,1586,1067,190,393,1,1,1
569,13,1589,1065,191,396,1,1,1
570,13,1591,1063,193,398,1,1,1
571,13,1594,1061,194,401,1,1,1
572,13,1583,1059,193,399,1,1,1
573,13,1573,1057,192,398,1,1,1
574,13,1562,1055,191,397,1,1,1
575,13,1552,1053,190,396,1,1,1
576,13,1541,1051,190,395,1,1,1
577,13,1531,1049,188,394,1,1,1
578,13,1520,1047,188,393,1,1,1
579,13,1510,1045,186,392,1,1,1
580,13,1499,1043,186,391,1,1,1
261,16,2478,982,150,311,1,1,1
262,16,2468,982,152,311,1,1,1
263,16,2458,983,154,311,1,1,1
264,16,2449,984,155,311,1,1,1
265,16,2439,985,158,311,1,1,1
266,16,2430,986,159,311,1,1,1
267,16,2420,986,161,311,1,1,1
268,16,2410,987,164,311,1,1,1
269,16,2401,988,165,311,1,1,1
270,16,2391,989,167,311,1,1,1
271,16,2382,990,169,311,1,1,1
272,16,2355,991,170,312,1,1,1
273,16,2328,992,172,314,1,1,1
274,16,2301,993,173,315,1,1,1
275,16,2274,994,175,317,1,1,1
276,16,2247,995,177,319,1,1,1
277,16,2220,996,178,320,1,1,1
278,16,2193,997,180,322,1,1,1
279,16,2166,998,181,323,1,1,1
280,16,2139,999,183,325,1,1,1
281,16,2113,1001,184,326,1,1,1
282,16,2103,1004,184,326,1,1,1
283,16,2093,1008,185,326,1,1,1
284,16,2083,1011,185,327,1,1,1
285,16,2073,1015,186,327,1,1,1
286,16,2063,1018,186,328,1,1,1
287,16,2053,1022,187,328,1,1,1
288,16,2043,1025,187,329,1,1,1
289,16,2033,1029,188,329,1,1,1
290,16,2023,1032,188,330,1,1,1
291,16,2014,1036,188,330,1,1,1
292,16,2020,1036,188,328,1,1,1
293,16,2027,1036,188,327,1,1,1
294,16,2034,1036,188,326,1,1,1
295,16,2041,1036,188,325,1,1,1
296,16,2048,1036,188,324,1,1,1
297,16,2055,1036,188,322,1,1,1
298,16,2062,1036,188,321,1,1,1
299,16,2069,1036,188,320,1,1,1
300,16,2076,1036,188,319,1,1,1
301,16,2083,1036,188,318,1,1,1
302,16,2089,1031,186,315,1,1,1
303,16,2095,1026,185,312,1,1,1
304,16,2101,1021,184,310,1,1,1
305,16,2107,1016,183,307,1,1,1
306,16,2113,1011,182,305,1,1,1
307,16,2119,1006,181,302,1,1,1
308,16,2125,1001,180,299,1,1,1
309,16,2131,996,179,297,1,1,1
310,16,2137,991,178,294,1,1,1
311,16,2144,986,176,292,1,1,1
312,16,2135,988,177,296,1,1,1
313,16,2126,991,178,299,1,1,1
314,16,2117,994,180,302,1,1,1
315,16,2108,996,181,306,1,1,1
316,16,2100,999,182,309,1,1,1
317,16,2091,1002,183,312,1,1,1
318,16,2082,1004,184,316,1,1,1
319,16,2073,1007,186,319,1,1,1
320,16,2064,1010,187,322,1,1,1
321,16,2056,1013,188,326,1,1,1
322,16,2039,1012,189,326,1,1,1
323,16,2023,1011,189,327,1,1,1
324,16,2006,1010,190,327,1,1,1
325,16,1990,1009,191,328,1,1,1
326,16,1973,1009,192,328,1,1,1
327,16,1957,1008,192,328,1,1,1
328,16,1940,1007,194,329,1,1,1
329,16,1924,1006,194,329,1,1,1
330,16,1907,1005,195,330,1,1,1
331,16,1891,1005,196,330,1,1,1
332,16,1886,1005,197,329,1,1,1
333,16,1881,1005,198,329,1,1,1
334,16,1876,1005,199,328,1,1,1
335,16,1871,1005,200,328,1,1,1
336,16,1866,1005,201,328,1,1,1
337,16,1861,1005,202,327,1,1,1
338,16,1856,1005,203,327,1,1,1
339,16,1851,1005,204,326,1,1,1
340,16,1846,1005,205,326,1,1,1
341,16,1841,1005,207,326,1,1,1
342,16,1846,1003,208,326,1,1,1
343,16,1851,1002,209,325,1,1,1
344,16,1857,1000,209,325,1,1,1
345,16,1862,999,210,324,1,1,1
346,16,1868,997,211,324,1,1,1
347,16,1873,996,212,323,1,1,1
348,16,1878,994,213,323,1,1,1
349,16,1884,993,213,322,1,1,1
350,16,1889,991,214,322,1,1,1
351,16,1895,990,215,322,1,1,1
352,16,1887,990,217,322,1,1,1
353,16,1879,990,220,322,1,1,1
354,16,1871,990,222,322,1,1,1
355,16,1864,990,224,322,1,1,1
356,16,1856,990,227,322,1,1,1
357,16,1848,990,229,322,1,1,1
358,16,1841,990,231,322,1,1,1
359,16,1833,990,233,322,1,1,1
360,16,1825,990,236,322,1,1,1
361,16,1818,990,238,322,1,1,1
362,16,1807,992,238,322,1,1,1
363,16,1796,995,239,322,1,1,1
364,16,1785,997,240,322,1,1,1
365,16,1775,1000,239,322,1,1,1
366,16,1764,1003,240,322,1,1,1
367,16,1753,1005,241,322,1,1,1
368,16,1743,1008,240,322,1,1,1
369,16,1732,1010,241,322,1,1,1
370,16,1721,1013,242,322,1,1,1
371,16,1711,1016,242,322,1,1,1
372,16,1703,1012,242,325,1,1,1
373,16,1696,1009,242,327,1,1,1
374,16,1689,1005,242,330,1,1,1
375,16,1681,1002,242,333,1,1,1
376,16,1674,999,242,335,1,1,1
377,16,1667,995,242,338,1,1,1
378,16,1659,992,242,341,1,1,1
379,16,1652,988,242,344,1,1,1
380,16,1645,985,242,346,1,1,1
381,16,1638,982,242,349,1,1,1
382,16,1630,983,243,349,1,1,1
383,16,1622,985,244,349,1,1,1
384,16,1614,986,245,349,1,1,1
385,16,1607,988,245,349,1,1,1
386,16,1599,989,246,349,1,1,1
387,16,1591,991,247,349,1,1,1
388,16,1584,992,247,349,1,1,1
389,16,1576,994,248,349,1,1,1
390,16,1568,995,249,349,1,1,1
391,16,1561,997,249,349,1,1,1
392,16,1559,990,248,351,1,1,1
393,16,1558,983,246,353,1,1,1
394,16,1556,976,246,355,1,1,1
395,16,1555,969,244,357,1,1,1
396,16,1553,962,244,359,1,1,1
397,16,1552,955,242,361,1,1,1
398,16,1550,948,241,363,1,1,1
399,16,1549,941,240,365,1,1,1
400,16,1547,934,239,367,1,1,1
401,16,1546,928,238,368,1,1,1
402,16,1534,931,237,368,1,1,1
403,16,1523,935,235,368,1,1,1
404,16,1512,938,233,369,1,1,1
405,16,1501,942,231,369,1,1,1
406,16,1490,945,229,370,1,1,1
407,16,1479,949,227,370,1,1,1
408,16,1468,952,225,371,1,1,1
409,16,1457,956,223,371,1,1,1
410,16,1446,959,221,372,1,1,1
411,16,1435,963,219,372,1,1,1
412,16,1428,960,219,372,1,1,1
413,16,1421,957,219,372,1,1,1
414,16,1414,954,219,373,1,1,1
415,16,1407,951,219,373,1,1,1
416,16,1401,948,219,374,1,1,1
417,16,1394,945,219,374,1,1,1
418,16,1387,942,219,375,1,1,1
419,16,1380,939,219,375,1,1,1
420,16,1373,936,219,376,1,1,1
421,16,1367,933,219,376,1,1,1
422,16,1360,930,219,377,1,1,1
423,16,1353,927,219,377,1,1,1
424,16,1346,924,219,378,1,1,1
425,16,1339,921,219,378,1,1,1
426,16,1333,919,219,378,1,1,1
427,16,1326,916,219,378,1,1,1
428,16,1319,913,219,378,1,1,1
429,16,1312,910,219,379,1,1,1
430,16,1305,907,219,379,1,1,1
431,16,1299,904,219,380,1,1,1
432,16,1292,901,219,380,1,1,1
433,16,1285,898,219,381,1,1,1
434,16,1278,895,219,381,1,1,1
435,16,1271,892,219,382,1,1,1
436,16,1265,889,219,382,1,1,1
437,16,1258,886,219,383,1,1,1
438,16,1251,883,219,383,1,1,1
439,16,1244,880,219,384,1,1,1
440,16,1237,877,219,384,1,1,1
441,16,1231,875,219,384,1,1,1
442,16,1220,875,213,383,1,1,1
443,16,1210,876,207,381,1,1,1
444,16,1200,877,201,379,1,1,1
445,16,1189,877,196,378,1,1,1
446,16,1179,878,190,376,1,1,1
447,16,1169,879,184,374,1,1,1
448,16,1158,879,179,373,1,1,1
449,16,1148,880,173,371,1,1,1
450,16,1138,881,167,369,1,1,1
451,16,1128,882,161,368,1,1,1
452,16,1111,883,164,369,1,1,1
453,16,1095,885,166,370,1,1,1
454,16,1079,886,169,372,1,1,1
455,16,1063,888,171,373,1,1,1
456,16,1047,890,174,374,1,1,1
457,16,1031,891,176,375,1,1,1
458,16,1015,893,178,376,1,1,1
459,16,999,894,181,378,1,1,1
460,16,983,896,183,379,1,1,1
461,16,967,898,186,380,1,1,1
462,16,950,906,186,380,1,1,1
463,16,934,914,186,381,1,1,1
464,16,918,922,186,382,1,1,1
465,16,901,930,187,383,1,1,1
466,16,885,939,187,383,1,1,1
467,16,869,947,187,383,1,1,1
468,16,852,955,188,384,1,1,1
469,16,836,963,188,385,1,1,1
470,16,820,971,188,386,1,1,1
471,16,804,980,188,386,1,1,1
472,16,800,979,188,387,1,1,1
473,16,796,979,188,388,1,1,1
474,16,793,979,187,389,1,1,1
475,16,789,979,187,390,1,1,1
476,16,786,979,187,391,1,1,1
477,16,782,979,187,391,1,1,1
478,16,778,979,187,392,1,1,1
479,16,775,979,186,393,1,1,1
480,16,771,979,186,394,1,1,1
481,16,768,979,186,395,1,1,1
482,16,760,976,185,394,1,1,1
483,16,752,974,184,392,1,1,1
484,16,745,971,183,391,1,1,1
485,16,737,969,182,389,1,1,1
486,16,730,967,181,387,1,1,1
487,16,722,964,180,386,1,1,1
488,16,714,962,179,384,1,1,1
489,16,707,959,178,383,1,1,1
490,16,699,957,177,381,1,1,1
491,16,692,955,176,380,1,1,1
492,16,660,955,176,379,1,1,1
493,16,628,956,176,377,1,1,1
494,16,597,957,175,375,1,1,1
495,16,565,958,175,373,1,1,1
496,16,534,959,174,372,1,1,1
497,16,502,959,174,371,1,1,1
498,16,470,960,174,369,1,1,1
499,16,439,961,173,367,1,1,1
500,16,407,962,173,365,1,1,1
501,16,376,963,173,364,1,1,1
502,16,351,967,173,366,1,1,1
503,16,326,971,174,368,1,1,1
504,16,301,975,175,370,1,1,1
505,16,276,979,176,372,1,1,1
506,16,251,984,177,374,1,1,1
507,16,226,988,177,376,1,1,1
508,16,201,992,178,378,1,1,1
509,16,176,996,179,380,1,1,1
510,16,151,1000,180,382,1,1,1
511,16,127,1005,180,384,1,1,1
512,16,118,1003,177,384,1,1,1
513,16,109,1002,174,384,1,1,1
514,16,100,1000,171,384,1,1,1
515,16,91,999,168,384,1,1,1
516,16,82,997,165,384,1,1,1
517,16,73,996,162,384,1,1,1
518,16,64,994,159,384,1,1,1
519,16,55,993,156,384,1,1,1
520,16,46,991,153,384,1,1,1
521,16,38,990,150,384,1,1,1
522,16,42,989,152,387,1,1,1
523,16,46,989,154,390,1,1,1
524,16,50,988,156,393,1,1,1
525,16,55,988,157,396,1,1,1
526,16,59,988,160,399,1,1,1
527,16,63,987,162,402,1,1,1
528,16,68,987,163,405,1,1,1
529,16,72,986,165,408,1,1,1
530,16,76,986,167,411,1,1,1
531,16,81,986,169,414,1,1,1
261,17,2601,997,245,318,1,1,1
262,17,2591,996,245,317,1,1,1
263,17,2581,996,245,316,1,1,1
264,17,2571,995,245,316,1,1,1
265,17,2561,995,245,315,1,1,1
266,17,2551,995,245,314,1,1,1
267,17,2541,994,245,314,1,1,1
268,17,2531,994,245,313,1,1,1
269,17,2521,993,245,313,1,1,1
270,17,2511,993,245,312,1,1,1
271,17,2501,993,245,311,1,1,1
272,17,2473,993,246,312,1,1,1
273,17,2446,994,247,313,1,1,1
274,17,2419,995,247,314,1,1,1
275,17,2391,996,249,315,1,1,1
276,17,2364,997,249,316,1,1,1
277,17,2337,997,250,318,1,1,1
278,17,2309,998,251,319,1,1,1
279,17,2282,999,252,320,1,1,1
280,17,2255,1000,252,321,1,1,1
281,17,2228,1001,253,322,1,1,1
282,17,2217,1003,253,325,1,1,1
283,17,2206,1005,254,328,1,1,1
284,17,2195,1007,255,331,1,1,1
285,17,2185,1010,254,333,1,1,1
286,17,2174,1012,255,336,1,1,1
287,17,2163,1014,256,339,1,1,1
288,17,2153,1017,255,341,1,1,1
289,17,2142,1019,256,344,1,1,1
290,17,2131,1021,257,347,1,1,1
291,17,2121,1024,257,349,1,1,1
292,17,2130,1025,256,347,1,1,1
293,17,2139,1026,255,345,1,1,1
294,17,2148,1027,254,343,1,1,1
295,17,2157,1028,253,342,1,1,1
296,17,2167,1030,251,339,1,1,1
297,17,2176,1031,250,337,1,1,1
298,17,2185,1032,249,336,1,1,1
299,17,2194,1033,248,334,1,1,1
300,17,2203,1034,247,332,1,1,1
301,17,2213,1036,245,330,1,1,1
302,17,2218,1031,244,330,1,1,1
303,17,2223,1026,243,330,1,1,1
304,17,2228,1022,242,330,1,1,1
305,17,2233,1017,242,330,1,1,1
306,17,2238,1013,241,330,1,1,1
307,17,2243,1008,240,330,1,1,1
308,17,2248,1003,240,330,1,1,1
309,17,2253,999,239,330,1,1,1
310,17,2258,994,238,330,1,1,1
311,17,2263,990,238,330,1,1,1
312,17,2253,993,238,327,1,1,1
313,17,2243,996,239,324,1,1,1
314,17,2234,999,239,321,1,1,1
315,17,2224,1002,240,319,1,1,1
316,17,2215,1005,240,316,1,1,1
317,17,2205,1008,240,313,1,1,1
318,17,2195,1011,241,311,1,1,1
319,17,2186,1014,241,308,1,1,1
320,17,2176,1017,242,305,1,1,1
321,17,2167,1020,242,303,1,1,1
322,17,2151,1019,243,305,1,1,1
323,17,2136,1019,243,306,1,1,1
324,17,2121,1018,244,308,1,1,1
325,17,2105,1018,245,309,1,1,1
326,17,2090,1018,246,310,1,1,1
327,17,2075,1017,246,312,1,1,1
328,17,2059,1017,247,313,1,1,1
329,17,2044,1016,248,315,1,1,1
330,17,2029,1016,248,316,1,1,1
331,17,2014,1016,249,318,1,1,1
332,17,2009,1014,249,320,1,1,1
333,17,2005,1013,248,322,1,1,1
334,17,2001,1012,248,323,1,1,1
335,17,1997,1011,247,325,1,1,1
336,17,1993,1010,247,326,1,1,1
337,17,1988,1009,247,328,1,1,1
338,17,1984,1008,246,329,1,1,1
339,17,1980,1007,246,331,1,1,1
340,17,1976,1006,245,332,1,1,1
341,17,1972,1005,245,334,1,1,1
342,17,1974,1003,244,335,1,1,1
343,17,1977,1002,243,335,1,1,1
344,17,1979,1000,242,336,1,1,1
345,17,1982,999,241,336,1,1,1
346,17,1985,997,239,338,1,1,1
347,17,1987,996,239,338,1,1,1
348,17,1990,994,237,339,1,1,1
349,17,1992,993,237,339,1,1,1
350,17,1995,991,235,340,1,1,1
351,17,1998,990,234,341,1,1,1
352,17,1992,989,233,339,1,1,1
353,17,1987,989,231,336,1,1,1
354,17,1982,988,229,334,1,1,1
355,17,1976,988,228,331,1,1,1
356,17,1971,988,227,328,1,1,1
357,17,1966,987,225,326,1,1,1
358,17,1960,987,224,323,1,1,1
359,17,1955,986,222,321,1,1,1
360,17,1950,986,220,318,1,1,1
361,17,1945,986,219,315,1,1,1
362,17,1937,989,218,315,1,1,1
363,17,1929,992,217,316,1,1,1
364,17,1921,995,216,317,1,1,1
365,17,1914,998,214,317,1,1,1
366,17,1906,1001,213,318,1,1,1
367,17,1898,1004,212,319,1,1,1
368,17,1891,1007,210,319,1,1,1
369,17,1883,1010,209,320,1,1,1
370,17,1875,1013,208,321,1,1,1
371,17,1868,1016,207,322,1,1,1
372,17,1861,1013,206,324,1,1,1
373,17,1855,1010,204,326,1,1,1
374,17,1848,1008,204,327,1,1,1
375,17,1842,1005,202,329,1,1,1
376,17,1835,1003,202,330,1,1,1
377,17,1829,1000,200,332,1,1,1
378,17,1822,997,199,334,1,1,1
379,17,1816,995,198,335,1,1,1
380,17,1809,992,197,337,1,1,1
381,17,1803,990,196,338,1,1,1
382,17,1797,992,196,337,1,1,1
383,17,1792,995,195,336,1,1,1
384,17,1786,997,195,336,1,1,1
385,17,1781,1000,194,335,1,1,1
386,17,1776,1003,194,334,1,1,1
387,17,1770,1005,194,333,1,1,1
388,17,1765,1008,193,332,1,1,1
389,17,1759,1010,193,332,1,1,1
390,17,1754,1013,192,331,1,1,1
391,17,1749,1016,192,330,1,1,1
392,17,1745,1007,192,332,1,1,1
393,17,1741,999,193,334,1,1,1
394,17,1737,990,194,337,1,1,1
395,17,1733,982,195,339,1,1,1
396,17,1730,974,195,341,1,1,1
397,17,1726,965,196,344,1,1,1
398,17,1722,957,197,346,1,1,1
399,17,1718,948,198,349,1,1,1
400,17,1714,940,199,351,1,1,1
401,17,1711,932,199,353,1,1,1
402,17,1696,933,202,357,1,1,1
403,17,1682,935,205,360,1,1,1
404,17,1668,937,208,363,1,1,1
405,17,1654,939,211,367,1,1,1
406,17,1640,941,214,370,1,1,1
407,17,1625,943,218,373,1,1,1
408,17,1611,945,221,377,1,1,1
409,17,1597,947,224,380,1,1,1
410,17,1583,949,227,383,1,1,1
411,17,1569,951,230,387,1,1,1
412,17,1563,951,226,385,1,1,1
413,17,1557,952,222,383,1,1,1
414,17,1551,952,218,382,1,1,1
415,17,1545,953,214,380,1,1,1
416,17,1539,954,210,378,1,1,1
417,17,1533,954,206,377,1,1,1
418,17,1527,955,202,375,1,1,1
419,17,1521,955,198,374,1,1,1
420,17,1515,956,194,372,1,1,1
421,17,1509,957,190,370,1,1,1
422,17,1503,957,186,368,1,1,1
423,17,1497,958,182,366,1,1,1
424,17,1491,958,178,365,1,1,1
425,17,1485,959,174,363,1,1,1
426,17,1479,960,170,361,1,1,1
427,17,1473,960,166,360,1,1,1
428,17,1467,961,162,358,1,1,1
429,17,1461,961,158,357,1,1,1
430,17,1455,962,154,355,1,1,1
431,17,1450,963,150,353,1,1,1
432,17,1440,960,151,353,1,1,1
433,17,1431,958,152,353,1,1,1
434,17,1422,956,153,353,1,1,1
435,17,1413,954,153,353,1,1,1
436,17,1404,952,154,353,1,1,1
437,17,1394,950,156,353,1,1,1
438,17,1385,947,156,353,1,1,1
439,17,1376,945,157,353,1,1,1
440,17,1367,943,158,353,1,1,1
441,17,1358,941,158,353,1,1,1
442,17,1348,939,160,353,1,1,1
443,17,1339,937,161,353,1,1,1
444,17,1330,934,161,353,1,1,1
445,17,1321,932,162,353,1,1,1
446,17,1312,930,163,353,1,1,1
447,17,1302,928,164,353,1,1,1
448,17,1293,926,165,353,1,1,1
449,17,1284,924,166,353,1,1,1
450,17,1275,921,166,353,1,1,1
451,17,1266,919,167,353,1,1,1
452,17,1256,917,169,353,1,1,1
453,17,1247,915,169,353,1,1,1
454,17,1238,913,170,353,1,1,1
455,17,1229,911,171,353,1,1,1
456,17,1220,908,171,353,1,1,1
457,17,1210,906,173,353,1,1,1
458,17,1201,904,174,353,1,1,1
459,17,1192,902,174,353,1,1,1
460,17,1183,900,175,353,1,1,1
461,17,1174,898,176,353,1,1,1
462,17,1160,905,178,354,1,1,1
463,17,1147,912,179,355,1,1,1
464,17,1134,919,180,356,1,1,1
465,17,1121,926,181,357,1,1,1
466,17,1108,934,182,357,1,1,1
467,17,1095,941,183,358,1,1,1
468,17,1082,948,184,359,1,1,1
469,17,1069,955,185,360,1,1,1
470,17,1056,962,186,361,1,1,1
471,17,1043,970,188,361,1,1,1
472,17,1041,969,187,363,1,1,1
473,17,1040,968,186,366,1,1,1
474,17,1038,967,186,368,1,1,1
475,17,1037,967,184,370,1,1,1
476,17,1035,966,184,373,1,1,1
477,17,1034,965,183,375,1,1,1
478,17,1032,965,182,377,1,1,1
479,17,1031,964,181,379,1,1,1
480,17,1029,963,181,382,1,1,1
481,17,1028,963,180,384,1,1,1
482,17,1018,961,185,384,1,1,1
483,17,1008,959,190,385,1,1,1
484,17,998,958,195,385,1,1,1
485,17,988,956,200,385,1,1,1
486,17,978,955,205,385,1,1,1
487,17,968,953,210,386,1,1,1
488,17,958,951,215,386,1,1,1
489,17,948,950,220,386,1,1,1
490,17,938,948,225,387,1,1,1
491,17,928,947,230,387,1,1,1
492,17,899,948,228,389,1,1,1
493,17,871,950,225,391,1,1,1
494,17,842,951,223,393,1,1,1
495,17,814,953,221,395,1,1,1
496,17,786,955,218,397,1,1,1
497,17,757,956,216,399,1,1,1
498,17,729,958,214,401,1,1,1
499,17,700,959,212,403,1,1,1
500,17,672,961,209,405,1,1,1
501,17,644,963,207,407,1,1,1
502,17,624,966,205,403,1,1,1
503,17,604,969,203,399,1,1,1
504,17,584,972,201,395,1,1,1
505,17,564,975,199,391,1,1,1
506,17,544,978,198,387,1,1,1
507,17,524,981,196,383,1,1,1
508,17,504,984,194,379,1,1,1
509,17,484,987,192,375,1,1,1
510,17,464,990,190,371,1,1,1
511,17,445,993,188,368,1,1,1
512,17,431,991,188,370,1,1,1
513,17,418,990,188,372,1,1,1
514,17,404,989,188,374,1,1,1
515,17,391,988,188,376,1,1,1
516,17,378,987,188,378,1,1,1
517,17,364,986,188,379,1,1,1
518,17,351,985,188,381,1,1,1
519,17,337,984,188,383,1,1,1
520,17,324,983,188,385,1,1,1
521,17,311,982,188,387,1,1,1
522,17,317,982,190,387,1,1,1
523,17,324,983,192,387,1,1,1
524,17,330,984,195,387,1,1,1
525,17,337,985,197,387,1,1,1
526,17,343,986,200,387,1,1,1
527,17,350,986,201,387,1,1,1
528,17,356,987,204,387,1,1,1
529,17,363,988,206,387,1,1,1
530,17,369,989,209,387,1,1,1
531,17,376,990,211,387,1,1,1
532,17,361,990,208,388,1,1,1
533,17,347,991,204,388,1,1,1
534,17,333,992,200,388,1,1,1
535,17,319,992,197,389,1,1,1
536,17,305,993,193,389,1,1,1
537,17,290,994,190,389,1,1,1
538,17,276,994,187,390,1,1,1
539,17,262,995,183,390,1,1,1
540,17,248,996,179,390,1,1,1
541,17,234,997,176,391,1,1,1
542,17,214,998,178,394,1,1,1
543,17,194,999,180,397,1,1,1
544,17,175,1000,181,400,1,1,1
545,17,155,1001,183,404,1,1,1
546,17,136,1003,184,406,1,1,1
547,17,116,1004,186,409,1,1,1
548,17,96,1005,188,413,1,1,1
549,17,77,1006,189,416,1,1,1
550,17,57,1007,191,419,1,1,1
551,17,38,1009,192,422,1,1,1
552,17,34,1014,187,420,1,1,1
553,17,30,1020,182,418,1,1,1
554,17,26,1026,177,416,1,1,1
555,17,22,1031,172,415,1,1,1
556,17,19,1037,167,413,1,1,1
557,17,15,1043,162,410,1,1,1
558,17,11,1048,157,409,1,1,1
559,17,7,1054,152,407,1,1,1
560,17,3,1060,147,405,1,1,1
561,17,0,1066,142,403,1,1,1
562,17,0,1059,147,403,1,1,1
563,17,0,1053,153,403,1,1,1
564,17,1,1047,158,403,1,1,1
565,17,1,1041,164,403,1,1,1
566,17,2,1035,169,403,1,1,1
567,17,2,1029,174,403,1,1,1
568,17,2,1023,180,403,1,1,1
569,17,3,1017,185,403,1,1,1
570,17,3,1011,191,403,1,1,1
571,17,4,1005,196,403,1,1,1
